9.682826042175293 50.39311285037628
7.626582145690918 52.66978794571808
9.837664604187012 48.42586957012681
11.142538070678711 58.18491016824654
6.133432865142822 54.87213239984001
8.877032279968262 52.69310261615626
8.734633445739746 56.10752704760142
9.607514381408691 61.680178697758855
14.495805740356445 53.87052140225282
14.359306335449219 57.90435253188704
11.330435752868652 60.425393636494846
10.20105266571045 61.657264982268686
12.129111289978027 54.2629342767547
8.889642715454102 64.10104806783706
8.434669494628906 57.31112813592995
11.111263275146484 63.690757745736754
11.130400657653809 58.16797588291545
11.50825023651123 42.91174079846114
11.8466215133667 57.14856150624224
9.23043441772461 59.0267058898007
9.9981689453125 55.344286540727
12.409383773803711 62.70152973648125
13.824090957641602 55.76788071254618
9.402442932128906 62.283814716789735
10.37905216217041 59.103025229776776
14.310535430908203 64.71526619266282
8.83100700378418 56.754766822933945
11.086116790771484 63.875960908594735
9.64585018157959 55.7697057733035
9.043608665466309 51.45493635144619
9.548639297485352 62.68616992517357
8.863719940185547 54.283366906143726
11.171018600463867 54.01987871013807
13.100947380065918 42.48309973858868
12.1472749710083 57.61622385423887
10.963627815246582 59.23059887268796
8.936177253723145 56.22398674929662
13.377547264099121 65.0956696466525
11.490400314331055 49.783041348788615
10.637619972229004 57.79078736106325
12.064284324645996 60.170231077527916
8.823227882385254 53.06790542862044
8.029600143432617 62.145909280072104
8.106322288513184 63.63018303135846
9.0554780960083 61.67555505089299
10.38853931427002 51.85452241180611
9.603385925292969 58.94655225787013
10.478468894958496 57.59621737207581
8.431863784790039 58.09589248362472
13.854220390319824 58.569994036074604
10.296436309814453 57.97138893676223
11.734591484069824 60.24282416218856
10.487536430358887 57.640073557500536
9.606104850769043 55.15804378726895
12.035320281982422 57.98391872902459
10.080738067626953 50.774897939058164
11.436718940734863 52.57008350443749
9.245930671691895 56.5375695148868
11.599095344543457 55.54878551239066
12.535799980163574 58.31857222558878
7.059654235839844 59.70691291444284
4.989559173583984 63.87535947390622
7.1627373695373535 56.6380476759771
10.624601364135742 56.17112137888282
12.10278034210205 56.73291634247482
8.28469181060791 58.80809224613577
9.077930450439453 55.69454197094545
13.589937210083008 62.05760120000761
14.24221134185791 63.2273270844842
8.060725212097168 63.818389253025934
11.927054405212402 61.29355786725785
10.652847290039062 56.84999437371109
12.017770767211914 58.19816000505087
8.283661842346191 55.21309964760134
10.377301216125488 63.48097693643804
10.054882049560547 60.45570515052083
10.622251510620117 60.879711155352254
9.643948554992676 61.26477812263897
8.637763977050781 65.3060836015014
7.78228759765625 51.1328426907991
12.883222579956055 54.301041723600406
11.697474479675293 58.18208069243194
8.185249328613281 52.94691248168374
10.178601264953613 62.50402734506487
10.18657112121582 63.05132810579254
6.202668190002441 48.409395096057494
10.675681114196777 48.81493725580539
8.4489164352417 51.845547246589064
8.274377822875977 55.4959996312641
11.354259490966797 60.13645276225584
12.62343692779541 67.25058003244686
8.15848445892334 62.92375437357283
11.246816635131836 59.28286781105865
9.621318817138672 53.36115542534961
8.101841926574707 49.26232374056784
11.286802291870117 62.91796121122274
6.445462226867676 58.06933060319419
10.023983001708984 46.60684421664436
10.53822135925293 46.240075880589785
11.042007446289062 56.28121568218511
