11.651687622070312 33.986760782900106
10.332015037536621 31.792082482375342
11.345459938049316 49.081756175860605
12.221186637878418 35.14714481765162
12.58784008026123 45.07298791875005
10.753273010253906 31.799711102323368
11.852109909057617 25.193262143898853
10.890690803527832 14.5023397784752
13.944247245788574 20.284471762178082
10.525333404541016 26.951328295577646
6.737314224243164 25.41696835796673
8.93994140625 29.833882782993335
11.010785102844238 45.64850104669755
11.464423179626465 46.14643568081209
10.394984245300293 31.93514711071181
10.81219482421875 35.643842327517945
8.61706256866455 28.46653364788846
7.918975830078125 39.02231332201197
11.439666748046875 32.96557462423057
8.978265762329102 28.32913193238283
11.364307403564453 34.77491231031501
9.867414474487305 28.776053528651325
10.534578323364258 20.755159404726374
10.231136322021484 37.12530850568772
8.3834867477417 24.18861425574766
12.638188362121582 29.736234565959617
10.392664909362793 30.574131588787708
10.168837547302246 24.857065595452006
9.4295015335083 30.913456068181585
12.255192756652832 30.928068405572876
12.31420612335205 30.976855601514643
12.224822044372559 40.89840513643799
12.200520515441895 32.37186849047502
11.847043991088867 33.36509076993485
12.640414237976074 39.31519448678039
8.453914642333984 28.638380077817267
12.433213233947754 44.37381538975016
12.850534439086914 36.85218442184252
12.215099334716797 43.98368556864273
11.6599760055542 35.46696899238851
12.07826042175293 37.125631981087565
12.090873718261719 28.074502928641653
12.212095260620117 33.00099156828931
11.087209701538086 43.01380246073865
10.696844100952148 56.560171189318766
11.612874984741211 23.98192034173985
10.435623168945312 27.193112847596595
10.443059921264648 39.49902772365734
8.883051872253418 30.147113994589553
7.548737525939941 34.92694534692966
9.381077766418457 23.55083262742523
6.733445167541504 36.70242162778962
11.636818885803223 17.060928371679083
12.540276527404785 44.79014574547776
7.711935997009277 34.687955529632106
13.08588695526123 24.098636088137795
7.843943119049072 23.433597215649087
11.792183876037598 32.9062035497182
8.654427528381348 22.343174061977802
10.126957893371582 33.32245866354396
11.913747787475586 34.017169432011244
9.911118507385254 21.00363451548886
9.863568305969238 37.39931965948678
11.913251876831055 26.420157469351988
6.742918014526367 31.67341353206932
9.946931838989258 15.859122259350414
11.614471435546875 41.618152805415235
7.87879753112793 45.87386563510168
8.044612884521484 24.519678818211755
9.335929870605469 21.70426638450763
11.450990676879883 24.894904167882427
9.030009269714355 36.77126338688293
7.36445951461792 42.963000970489674
10.435904502868652 25.452679054738077
9.340847969055176 22.904154506224845
11.862658500671387 36.946845837913045
12.348292350769043 32.30244973134735
12.260456085205078 32.52319867256935
12.111321449279785 23.837045088864105
10.209593772888184 39.9545107216113
12.278290748596191 28.790101358987652
11.42297077178955 29.14997612871983
8.739327430725098 17.261923615582948
8.937992095947266 17.828299369812058
10.978564262390137 29.332036650203563
8.84557056427002 29.36720408460502
10.468911170959473 31.994699906936216
10.116181373596191 26.374480558328372
11.031075477600098 34.286757491796635
10.542338371276855 25.752479861623794
12.404930114746094 34.33834675326193
11.281244277954102 29.329031420017422
7.844512462615967 35.40991072156372
10.681069374084473 25.177639539674264
12.449461936950684 30.77116185832389
9.92727279663086 36.69251446726178
9.106128692626953 28.863663601083505
11.224478721618652 47.747459592413946
10.210688591003418 32.24669307309291
9.808868408203125 33.324623858087946
