12.065320014953613 50.290405099202395
11.0840425491333 54.46856718249549
11.294204711914062 45.00852306283592
8.087576866149902 58.6884011589798
8.167542457580566 50.10258502849337
7.924631118774414 46.57055951927575
10.855215072631836 59.04139631904869
7.3469438552856445 51.215721922511904
7.311916351318359 53.89599333149664
7.537695407867432 53.57005186176839
7.833545684814453 58.53807769682689
8.638663291931152 58.21756791487431
10.944711685180664 49.42382041635721
6.701155662536621 38.96575519166938
10.8142671585083 57.06943399397417
10.164741516113281 55.96855520292986
10.798709869384766 45.7769492284252
11.382190704345703 58.40472570106547
9.459371566772461 56.32592051599951
11.28906536102295 53.96875344369764
11.802630424499512 49.74360412697228
9.16777229309082 47.2812286395402
10.741985321044922 59.069919695704556
6.469882488250732 39.3144202035752
10.380239486694336 60.30383524320554
11.572664260864258 51.582207635049045
6.59505033493042 48.70953394251141
7.507616996765137 50.661234849040895
11.525094985961914 49.42262952830566
7.566329002380371 40.35323211272532
9.977130889892578 53.741362893731214
9.2906494140625 50.16902735987695
13.670076370239258 49.60749153654781
6.8449201583862305 58.61571692586606
10.42923641204834 56.25562145935071
11.347658157348633 55.99493629055599
9.858076095581055 52.885809760788185
11.183098793029785 49.86261239043385
9.294965744018555 50.712966595695875
8.856552124023438 54.92404270820447
7.87120246887207 52.758233400614344
10.730775833129883 63.324724573681415
7.552394866943359 53.67370022942258
11.580004692077637 48.31954364663398
9.297788619995117 57.693967986916746
10.864090919494629 43.32791333118708
13.789137840270996 52.53680828757893
10.750323295593262 57.15458353906919
8.562602996826172 53.29141548333716
12.320393562316895 57.46303256052122
13.324877738952637 47.73220187586535
8.968610763549805 54.33600819524056
11.4126558303833 47.917223040912184
12.986952781677246 59.10266272875813
4.207152843475342 51.51530811021328
12.191489219665527 52.33972141354849
8.54670524597168 53.40431727378069
5.335147857666016 53.90299379099406
7.371756076812744 57.728148319760656
9.561264991760254 53.083737166005086
6.845438480377197 49.7220314766419
8.995691299438477 59.94150234308378
7.411545276641846 52.641549942684094
7.04052734375 53.33564686732258
7.991367340087891 50.856536335713784
10.196968078613281 51.094976353002316
8.995622634887695 56.03644055102892
8.972164154052734 51.22412489936214
9.348469734191895 54.81376362362178
11.135640144348145 53.03140602531634
12.512683868408203 52.03095278311227
10.95328426361084 48.39405076814384
7.489962100982666 48.09156280559635
10.124784469604492 52.429296121018844
6.618093490600586 46.95868885157054
12.709623336791992 55.58219607706832
10.495116233825684 48.382218042978685
8.534789085388184 44.31962513383502
7.688548564910889 53.48689624138702
8.70714282989502 45.01806282729903
8.020161628723145 53.2003711100619
9.812722206115723 47.177211503714005
9.953393936157227 50.909510504553026
13.20829963684082 56.828929548544984
8.07908821105957 45.00850895697653
11.467283248901367 55.26198409124541
9.086941719055176 54.38126254924083
12.16726303100586 54.02331865573304
11.66188907623291 46.93152346040254
11.55692195892334 56.14122767304036
10.192166328430176 50.51316148725085
6.434726238250732 50.20533176246246
7.808144569396973 56.40200268073689
6.590479373931885 40.78330148529104
14.699700355529785 50.23255417875826
12.062573432922363 51.91353886781094
9.227301597595215 56.88951083032322
10.329793930053711 42.71441836796668
12.10261344909668 50.68420696121776
11.3896484375 58.04790471828279
