10.29806805 14.7432615
8.49358654 19.04510065
8.128240585 26.09814364
7.369129181 16.56053537
9.257018089 20.78001981
8.220023155 7.929201165
9.333086967 15.41297965
9.8677845 19.65371161
8.446543694 11.95959166
8.405938148 21.9144625
10.21098328 21.54336324
11.45820904 22.82097787
9.745849609 24.29175842
5.919798374 19.10133652
9.690696716 20.40223864
9.705830574 18.04751285
9.432596207 24.54321642
7.320202351 16.26055459
8.372875214 18.89332248
6.251019478 20.92447364
9.093791962 21.64025468
10.25647068 20.53652286
10.48515034 12.49332532
8.20159626 20.01355301
8.74385643 22.7769714
5.179234982 15.30145311
6.813403606 26.52902897
8.216486931 19.72939636
9.348579407 23.67644108
11.86586285 10.58855912
7.205714703 25.41224566
9.206830025 12.94526573
9.435870171 21.5530653
8.545363426 19.66176569
6.740458965 14.33901937
7.265449047 8.835888835
8.982497215 12.63076948
8.955091476 15.39182931
6.52590847 15.66388667
10.11228943 20.9745642
6.671947956 17.84568569
9.717793465 22.34867484
9.630256653 17.57050333
10.37639809 26.63912515
8.800261497 16.75222777
11.15957737 13.75597207
9.164413452 23.2447261
8.353866577 20.43516208
6.965293884 17.84960869
9.383166313 16.23134559
11.88053322 21.1914116
5.917696953 29.54510933
4.462293625 25.01097318
10.64251709 -3.969479392
7.949519634 26.55280082
7.288300514 21.84867875
6.628389835 20.70168125
4.44654417 19.54678066
9.786429405 15.77423911
10.1925087 12.15483927
7.328019619 29.32768435
8.500293732 21.18460945
7.246486664 20.70580478
9.09940052 18.62955
9.199337006 15.24524381
8.310137749 25.06315934
12.09497643 31.22138773
14.54765606 11.32468562
9.990542412 24.03819246
6.537209034 23.14447423
8.97569561 6.540786215
11.29283619 16.05663739
6.778486729 16.93479368
9.027645111 19.41349343
7.045122623 21.43968715
12.28174782 15.3028801
6.979631901 17.29826029
10.3733902 2.460040438
8.444190979 21.80164454
9.558146477 16.62003509
6.857974529 11.66116202
8.710144043 27.95334659
9.228071213 29.51533333
7.290116787 16.17015255
8.773804665 6.981596577
9.749385834 21.0499659
10.97012711 17.17535482
10.65081024 16.73847584
10.43793201 12.5578553
10.91812801 13.28399806
10.83098221 28.45885331
9.856241226 15.93196259
9.060678482 18.41294072
8.920052528 20.56766999
9.675760269 18.08355212
8.546485901 15.69640214
8.307494164 19.36484305
4.207597256 23.76460058
8.227661133 17.26168398
10.31557655 21.90474198
