12.906166076660156 -26.068270044337766
12.577655792236328 -23.142924525389116
15.654047966003418 -17.13865988910481
7.482925891876221 -22.699836016261525
13.860864639282227 -24.00576545740728
14.699767112731934 -20.115717435685042
13.663039207458496 -29.04820047710045
14.022005081176758 -21.57352946630979
13.500655174255371 -23.285159591898058
12.571929931640625 -24.10859576113691
13.213510513305664 -21.72267179666876
10.484736442565918 -18.994324781307
7.776101112365723 -15.586835137950764
10.9915189743042 -19.839268319548317
5.885587692260742 -28.033225420796718
13.613157272338867 -16.571280339145815
8.80477523803711 -31.25714064386739
12.413986206054688 -21.46228834514432
11.85547161102295 -17.247320723341712
10.116907119750977 -25.13113124269251
14.16168212890625 -19.738282054920113
10.120415687561035 -25.221295498337966
13.935179710388184 -11.739039213184288
12.824514389038086 -16.40509775773203
12.081822395324707 -17.46494446110136
9.280712127685547 -17.487287069826003
10.157641410827637 -31.397922709488004
8.675349235534668 -20.01239103684353
11.536170959472656 -24.517547247679374
13.289163589477539 -19.399279552887453
9.051473617553711 -20.632345338123045
8.77842903137207 -26.299359350131976
14.688465118408203 -21.15196194711533
11.82409954071045 -23.287141532952326
13.199444770812988 -35.40106379964807
6.141735076904297 -23.79150829944723
13.885565757751465 -24.813814263865385
12.904444694519043 -24.02820462453257
9.139286994934082 -32.24013215306681
12.422083854675293 -22.783212670451388
9.623656272888184 -24.733315661350353
10.370002746582031 -30.815823982384888
14.932977676391602 -23.537092168379083
9.858725547790527 -28.071529990850756
14.628349304199219 -22.792484318921
9.715543746948242 -22.642837324823645
9.310029983520508 -15.884054274616053
14.730790138244629 -22.314964906948347
9.904744148254395 -19.599619620764933
14.239956855773926 -18.133662394067084
15.15524673461914 -20.150359501516157
13.452903747558594 -17.94179933656409
13.853402137756348 -14.112173651999571
9.98999309539795 -22.228396171423967
9.681215286254883 -23.652478759388874
13.910056114196777 -29.245093323084568
10.160006523132324 -17.94240881387025
11.42372989654541 -24.602741798116668
9.282995223999023 -20.09437420929411
11.359769821166992 -18.49610615204046
14.70677375793457 -18.929349060686686
7.954584121704102 -19.817859511689463
12.794214248657227 -21.044529462237822
8.509371757507324 -24.71677761815071
13.821824073791504 -27.65969982030819
11.635380744934082 -28.779236214437496
10.098929405212402 -14.688722407271676
12.001296997070312 -16.55287544071409
9.298087120056152 -22.193150204208113
10.500255584716797 -26.55418936869361
9.58036994934082 -24.883766573877228
15.283246994018555 -23.514643893081573
10.939051628112793 -16.76101565702589
9.817649841308594 -26.214176492570225
7.739688396453857 -25.74457508877494
10.719670295715332 -21.57843644312312
10.864194869995117 -26.890291875209883
11.124969482421875 -21.47355007052327
7.163086414337158 -26.808384168441606
17.61997413635254 -18.808413376030096
8.139391899108887 -22.019757192475296
14.589903831481934 -18.667036251384964
8.394481658935547 -26.040677158114402
13.716496467590332 -23.992637194093692
8.306702613830566 -21.572471879605473
13.293107986450195 -17.79393045935179
10.301426887512207 -25.361367102050018
11.19127082824707 -18.44965438750298
12.870864868164062 -26.730125121126928
11.68328857421875 -28.60927179588208
8.894277572631836 -28.291706249495768
10.013476371765137 -28.11938396433231
15.882534980773926 -18.87558168654854
7.633045673370361 -31.244543801833842
9.935166358947754 -16.171975724906908
9.435648918151855 -32.15232358498776
8.912927627563477 -19.720359424879064
13.282094955444336 -21.48459571179368
9.985928535461426 -29.193561674966464
10.395357131958008 -21.758642634428767
