11.658100128173828 -23.311675023782602
12.471559524536133 -18.440412020654406
13.441722869873047 -21.84359877099616
14.212556838989258 -27.32982119108046
13.184391021728516 -20.850861208979033
9.13278865814209 -27.338188150785026
14.751835823059082 -23.015963211354432
13.976078033447266 -34.71296511158113
10.70070743560791 -25.986071035519053
12.506455421447754 -25.0433349198999
11.922987937927246 -25.018916357830403
14.832671165466309 -17.521049438291953
13.773560523986816 -20.432892536025264
9.4904203414917 -20.24914889732031
11.359919548034668 -27.099601723663522
7.411077976226807 -19.308612039338332
11.544955253601074 -33.12266511226031
10.755556106567383 -26.82815588683622
13.09589672088623 -21.827142827406483
12.104927062988281 -16.320150365095422
8.60075855255127 -21.74422979902704
13.166876792907715 -24.637547615694956
15.664128303527832 -22.00502649880044
10.692063331604004 -22.63672050604918
11.358172416687012 -25.12821404314033
13.035635948181152 -20.352427745841062
11.653910636901855 -30.820100211083968
13.686142921447754 -27.893052493141997
11.622588157653809 -24.56812865303762
15.436612129211426 -20.95107320522232
9.542696952819824 -25.393419285419434
10.688385009765625 -20.316341839274518
12.996256828308105 -17.21759949605192
12.766036987304688 -27.952526872669495
10.730766296386719 -21.6460485692724
15.836932182312012 -19.257896710538724
12.157331466674805 -24.993409671354023
15.91275405883789 -22.21198291981378
11.911457061767578 -26.23181533427468
10.248814582824707 -21.97088193446827
13.04365062713623 -15.714543199382708
13.699441909790039 -23.22761570085227
9.56836986541748 -17.991706919552232
10.520029067993164 -31.78933089884879
12.765578269958496 -22.73483638894941
10.467950820922852 -22.036946058698142
13.061014175415039 -20.790994289119062
15.019682884216309 -28.198273377655205
9.651894569396973 -16.579884520186646
9.85334587097168 -32.131808305394216
15.494427680969238 -28.786004551136692
12.128238677978516 -24.89130729040515
15.806498527526855 -29.872135783074064
17.40326690673828 -17.830351679555555
15.86425495147705 -22.237556323436298
9.561366081237793 -27.917071175789154
10.169334411621094 -28.221194228140185
12.346939086914062 -14.308279694484202
12.337714195251465 -18.663191558676377
14.451471328735352 -16.848196763076707
16.1464786529541 -25.735431439852526
15.179220199584961 -24.941285280311124
10.309749603271484 -23.26613792528929
12.756046295166016 -19.788857744024448
15.66874885559082 -21.403727336961133
14.727511405944824 -18.688032780388376
11.72935676574707 -17.251888737966937
12.558320045471191 -20.184172841456927
11.780596733093262 -19.60784519076769
10.381855964660645 -20.705284980873138
14.20705795288086 -29.177949012868282
14.665215492248535 -17.908115610017056
15.334527969360352 -22.460606522209428
9.368659019470215 -27.834935696331755
15.1466646194458 -22.385509036987024
15.8883695602417 -22.059216946835015
14.736872673034668 -23.529269789509883
14.610160827636719 -21.453328558425753
12.975335121154785 -33.9574796586683
15.132715225219727 -22.369533967476862
12.786907196044922 -27.19646530953747
13.359972953796387 -28.674882578157764
8.357129096984863 -20.9295684702585
12.7291898727417 -34.46054158605938
10.8923921585083 -25.74356455342361
9.16612720489502 -29.82888607342403
9.024420738220215 -23.85029839433765
13.860727310180664 -21.76673824322756
13.761645317077637 -27.61962830961668
9.782332420349121 -27.75647468864554
12.939322471618652 -19.872401399418905
14.285338401794434 -29.486025611172444
12.96340274810791 -20.465296433025287
10.7442626953125 -24.041703823474414
11.132864952087402 -29.433993399729605
9.708592414855957 -22.59778695933459
8.30311107635498 -27.512605090585716
12.6548433303833 -20.74272311000278
11.086758613586426 -28.06208235367135
12.187434196472168 -33.46945018335562
