9.81314754486084 -15.206430783112829
15.781536102294922 -11.776611084581699
12.195480346679688 -12.598812597138892
16.82691764831543 -16.22151679726334
12.68985652923584 -14.320107937568437
13.479748725891113 -12.219183993136493
13.4150390625 -6.057239881429172
12.410024642944336 -6.048658297061604
9.853970527648926 -1.3872471117796472
11.338547706604004 -6.427642896435391
12.1410551071167 -4.831621244246879
10.126306533813477 -15.182328548840612
18.80763053894043 -5.437915791536885
11.947314262390137 -10.196047335349036
8.759745597839355 -16.26099793325415
14.327615737915039 -15.368140228598804
14.156590461730957 -18.728291753580315
12.8563232421875 -7.549420872265097
10.199324607849121 -11.600137827466888
11.240318298339844 -6.752764052821668
13.193477630615234 -17.28223144717167
8.40213394165039 -11.34310180384134
12.101160049438477 -14.314496900811164
15.960092544555664 -8.86641055131614
17.33196258544922 -3.6359259329026656
12.592775344848633 -6.687384974001091
9.60746955871582 -15.980000885546927
18.485658645629883 -6.760841329001471
10.038198471069336 -13.432884256582833
9.101411819458008 -4.018633252099219
12.921146392822266 -2.983424646535563
9.13578987121582 -16.811553539783205
11.424809455871582 -12.378110103618791
11.240289688110352 -12.857353176465363
14.376164436340332 -9.885021628709616
12.580978393554688 -8.26244635427885
15.117829322814941 -11.200064863326425
11.49620532989502 -21.448129554002005
8.039166450500488 -8.15166186069859
15.366999626159668 -8.952290612176496
9.417991638183594 -11.400773080909172
18.318632125854492 -10.753529904958754
14.606178283691406 -12.840237838959073
14.656266212463379 -14.448008158042134
8.113763809204102 -17.183208949945566
10.365034103393555 -12.766157044186633
11.88608455657959 -9.47797901165278
9.849578857421875 -9.743647794698074
10.528000831604004 -4.491466609844583
10.097027778625488 -13.079751336933509
10.814595222473145 -12.087065954317373
14.858332633972168 -8.514736459525174
17.3892765045166 -12.328722075040856
16.107624053955078 -10.981854532517854
16.017229080200195 -6.594709785707706
9.518997192382812 -12.08925053186698
17.043560028076172 -8.548091571453247
9.034720420837402 -15.687177955799283
10.175686836242676 -10.555243640984452
8.956604957580566 -8.65663675501958
9.099989891052246 -5.646889107176692
9.23841381072998 -10.638913446451124
11.326314926147461 -5.109708606911422
16.85933494567871 -8.959052997456512
9.63853931427002 -13.529327926421129
14.15880012512207 -11.595549037605114
11.069869041442871 -6.545311544426458
8.996013641357422 -14.50550307335233
9.852874755859375 -5.08558049530455
10.002572059631348 -15.259711411880618
11.546659469604492 -6.498919389223674
11.265227317810059 -11.449154100590611
10.436982154846191 -11.394076327405958
16.520017623901367 -6.246291110809436
9.574492454528809 -10.918509949772346
8.089317321777344 -5.740059103356341
12.267244338989258 -8.18549585845925
13.258574485778809 -16.57514412174468
11.255509376525879 -13.663787850290609
9.119865417480469 -6.992251995395157
16.41774559020996 -12.28534258603391
11.528636932373047 -16.312461263632592
16.293548583984375 -11.29165376745952
11.666150093078613 -10.19112208335129
15.395370483398438 -13.820310481221306
12.642582893371582 -14.485332922170247
15.651331901550293 -9.137021574921743
11.459024429321289 -12.390936463305879
7.4726762771606445 -22.525672438751947
10.031255722045898 -12.926496669381935
12.884397506713867 -9.033028089309589
20.5748348236084 -6.172976200554979
15.896872520446777 -9.725532748561974
10.113252639770508 -17.759132538176964
9.592926979064941 -11.602909223948561
13.437309265136719 -10.56781238599971
10.723029136657715 -7.033494873399896
11.905834197998047 -10.61670219414551
12.514910697937012 -11.776068277992454
12.903182029724121 -13.830571088991661
