10.806526184082031 57.643788844715544
9.62359619140625 62.11842572924859
12.719898223876953 56.85469790185638
11.123830795288086 65.7224142919532
13.210892677307129 58.143035805664475
10.475297927856445 53.195912105591695
8.878915786743164 61.4316539885657
10.9458646774292 58.98360911961628
7.564190864562988 52.17997270106461
12.803878784179688 50.914715911252344
10.32332706451416 60.88357231074416
10.353228569030762 56.09542873561305
10.911174774169922 51.900065200443166
11.241140365600586 56.335552677532874
12.012910842895508 39.51751739452994
8.954161643981934 45.652684761428304
14.130093574523926 58.62891856528721
8.884011268615723 57.05712764257662
11.406176567077637 60.553567873443704
12.512857437133789 60.622454937754355
14.596176147460938 59.791464587324946
11.017305374145508 55.21032084879732
9.880453109741211 54.69943456179434
10.913254737854004 57.74962738327029
11.11460018157959 53.29689572121873
10.808928489685059 55.966338818587374
11.995915412902832 62.858392943720425
9.359795570373535 57.4179633645051
8.371013641357422 57.701810816492696
9.56849479675293 66.95442302318418
8.586108207702637 57.10136129052498
12.396533966064453 62.76298798469821
9.430387496948242 50.59417294817769
11.368423461914062 57.84727246645111
12.304222106933594 58.292022693137824
11.047301292419434 60.347704080381995
9.014564514160156 62.6162649226342
12.998543739318848 60.772920240905286
5.805524826049805 48.69466155256089
10.645687103271484 55.53307401628686
9.628674507141113 63.956802971753106
13.648524284362793 51.73480812973273
10.057892799377441 58.91747799006774
8.847546577453613 53.27839287005099
8.593910217285156 44.27346196844239
8.023661613464355 59.55869714807747
8.999345779418945 60.582002208751064
9.220361709594727 61.4486586028109
8.171635627746582 56.06900781016056
10.558000564575195 61.5461312230906
12.81938648223877 50.5314320046723
11.057092666625977 63.770865264908224
8.913091659545898 59.60823111883158
12.992660522460938 64.90887628119012
11.856284141540527 58.31603723787401
7.1669464111328125 56.17219756247627
10.146696090698242 56.427577623559586
9.705430030822754 51.62968389898582
11.651450157165527 61.69579213623446
5.419178009033203 53.10312362349821
12.760724067687988 58.17518577108788
6.953035831451416 56.201964952108135
7.590308666229248 60.061530245271264
9.747953414916992 63.12220676602065
13.039643287658691 58.100911586748424
10.623214721679688 52.09094464805206
10.344888687133789 57.04906560320198
9.16138744354248 57.59257959354247
9.630611419677734 64.78789045588529
12.56679916381836 58.760604022351714
14.677389144897461 51.684518989725916
12.596091270446777 64.06326867481931
8.181145668029785 52.83760885741521
12.367265701293945 59.98789003837812
10.226337432861328 62.18393265937904
11.971578598022461 55.71053769848464
13.024537086486816 54.74486727423728
10.6692533493042 63.44782877285227
11.26155948638916 55.00282487023431
10.385113716125488 60.499832415110866
10.408870697021484 57.22541833244286
7.688111305236816 55.95747867211757
9.820873260498047 61.95921647506164
10.008190155029297 57.71022031085953
9.895181655883789 62.017838341584415
8.93791675567627 65.25000677188493
12.355199813842773 52.49164480053539
10.672094345092773 61.60860717935837
15.585580825805664 53.46520530705756
9.406878471374512 56.73213904008679
13.948216438293457 58.84490831325984
11.870779991149902 57.988689423640444
7.419914722442627 60.46523997572123
9.914883613586426 60.75291528903807
6.01549768447876 55.59060088137467
10.530963897705078 59.28725268976944
10.94071102142334 53.67220467707185
12.822320938110352 51.91153758330623
13.520870208740234 65.25073449361254
9.412115097045898 58.16202740845346
