9.114893913269043 59.2114244028576
15.383210182189941 59.03060681705986
8.723398208618164 61.86847379419574
9.227203369140625 56.91993422150634
10.504830360412598 57.06303910949204
12.274599075317383 58.14903677291554
12.237427711486816 60.41946932129218
11.731779098510742 60.573248685340786
10.106456756591797 65.1525188715595
10.312311172485352 65.30863464119798
10.48830509185791 63.66603143576326
10.588022232055664 64.6163969909523
9.690446853637695 58.43395601612227
9.879440307617188 67.94656591000606
7.85788631439209 62.62051279015161
9.979279518127441 53.45087829668587
13.222067832946777 54.16759007125124
8.877594947814941 55.48803973874339
12.082121849060059 60.303529988817424
12.332755088806152 71.58564145869033
13.118876457214355 61.34580108475355
8.882837295532227 65.66066648485068
9.651103019714355 57.33707366182276
10.961978912353516 60.78512383945018
12.6688814163208 61.12613652669562
11.040553092956543 66.71729657122147
8.59295654296875 58.92976507281007
7.430788516998291 62.13211674899641
11.603069305419922 61.53760161000221
11.62045669555664 59.16569132754357
14.386027336120605 60.042064228360175
8.515263557434082 63.30540254852462
11.36600112915039 67.31794148573503
12.338595390319824 53.667009453299734
13.113916397094727 67.285486946592
11.458304405212402 57.973975417441864
13.053186416625977 58.65246810075492
10.943614959716797 61.953785194528734
12.29871654510498 63.22422176973805
9.969178199768066 59.183817540512266
10.045997619628906 58.386240327963066
11.039473533630371 66.40855923046004
12.41697883605957 58.334478023132796
6.794363498687744 64.3775023797395
9.44264030456543 55.43970233424691
11.716537475585938 64.82030265833701
11.600305557250977 55.25166249198743
4.750561714172363 65.57084282316887
14.268546104431152 64.75404192422042
13.336296081542969 64.39188649074259
10.456243515014648 53.008389115515456
13.1400785446167 63.382603038802216
12.38979721069336 63.006724618740634
11.89310359954834 64.10857597530352
9.114307403564453 63.80812383804671
10.174708366394043 67.47301325573093
9.341962814331055 55.39218426352859
11.501633644104004 63.09352791684602
9.184477806091309 65.0472838940288
6.506468772888184 54.84145145722437
14.499996185302734 59.4760603889501
7.987525939941406 65.74104807951349
6.903614044189453 59.91495051036079
9.24615478515625 61.17277481267208
8.814253807067871 52.88755232995801
11.908496856689453 62.73524248900748
11.220405578613281 61.21637207990982
8.61307430267334 65.23303008306547
11.600421905517578 58.88439098012
11.45713996887207 66.01687867875211
7.733389854431152 59.07487395635054
12.384007453918457 57.85594961391548
12.422959327697754 65.70332897520555
8.329324722290039 62.01546068362144
8.74402904510498 59.80900201305101
11.550577163696289 59.161013263307055
11.458651542663574 63.487865853502086
13.275873184204102 63.69844913068182
11.490190505981445 59.19402170656627
8.547734260559082 59.61061086969718
11.971990585327148 65.79544717202603
9.654793739318848 59.952161016746686
11.947388648986816 64.83608322120352
11.300856590270996 51.4682892971087
12.040664672851562 63.28132425061007
11.741352081298828 63.00629402429237
9.600197792053223 54.23732595869442
10.115588188171387 63.42468272466296
12.005014419555664 60.266201132191085
9.574760437011719 65.68823584801785
8.791080474853516 59.30058099003564
9.66885757446289 61.28936966204432
10.85118579864502 52.337426024576104
10.229639053344727 61.576268353746144
14.559857368469238 59.62024579366848
6.156064987182617 56.44029943216076
10.756538391113281 67.25263983468612
9.700031280517578 65.4205670241859
10.055212020874023 65.32374597815439
8.78364086151123 56.2571367281663
