11.204488754272461 -4.018157609301188
14.10333251953125 -7.116981680360616
15.661422729492188 -4.391219608033793
11.324129104614258 -6.000089380675339
11.48057746887207 -4.380508625938107
8.347729682922363 -6.927630168654349
11.081269264221191 -4.170296492537844
11.705941200256348 -5.699624912531238
18.876962661743164 -4.09095494840372
8.76545238494873 -8.813385749148534
9.959424018859863 -8.37182812723217
14.580728530883789 -8.493808016618754
15.437528610229492 -8.255893874417914
12.349616050720215 -5.618963035763044
14.087081909179688 -6.835092310902551
14.025972366333008 -6.598715540146778
11.832900047302246 -6.29842714563733
8.920554161071777 -16.959667766520944
14.362421035766602 -5.109187722344759
16.023296356201172 -5.285409740089089
16.70591926574707 -8.248595691300315
9.783284187316895 -4.495886083999316
13.486770629882812 -10.421095082933075
10.017507553100586 -7.499575161176285
17.419754028320312 -8.332080865919751
17.99819564819336 -6.36796782021344
15.679224967956543 -12.56807734470777
10.256695747375488 -16.7535690914528
19.158327102661133 -7.426062970225612
15.199548721313477 -9.422864945431368
12.119208335876465 -8.158181710189254
13.915740013122559 -5.293498426572454
12.238134384155273 -5.959811780169675
8.993485450744629 -15.531456816559972
11.289530754089355 -9.822614498822027
9.196284294128418 -4.001565747917627
11.559179306030273 -5.544958171004621
11.775230407714844 -14.252240963429267
11.572617530822754 -9.30818861784732
10.707767486572266 -8.732728133450234
17.99477767944336 -7.399973284535637
12.875826835632324 -6.407295446935969
13.084268569946289 -6.727408394786836
15.578640937805176 -6.188379371365158
11.221881866455078 -8.350519568197495
12.236442565917969 -11.577276127910721
11.544724464416504 -5.276826886671772
8.153641700744629 -6.1338765856185935
10.761281967163086 -4.518894547102548
14.50843620300293 -6.301350583214685
10.90161418914795 -12.478005478166443
10.16305923461914 -5.080801276715105
11.529559135437012 -12.354628170949836
12.945699691772461 -9.681620454825826
11.878118515014648 -4.728702092409734
14.452181816101074 -6.942855876154164
10.449938774108887 -5.024854608521549
16.727224349975586 -4.6442420945808
8.841120719909668 -15.772379177822529
11.47065258026123 -2.6988750384940783
11.581114768981934 -10.123026924817877
13.056114196777344 -12.403452566498212
11.394806861877441 -3.5460042585382068
9.149502754211426 -9.063456405851962
11.48645305633545 -2.8691210246299796
14.265722274780273 -8.319061504074144
10.359481811523438 -10.223608110404749
9.68174934387207 -7.222958774452293
11.455260276794434 -5.506327180433782
14.278629302978516 -8.603529234949981
9.971209526062012 -15.163074114019008
12.103134155273438 -13.110148040994236
12.135492324829102 -2.941223166186963
13.241843223571777 -5.990601191498676
14.3069429397583 -12.620175968817989
9.742717742919922 -4.429790726675976
10.196335792541504 -4.591075967607758
5.699738025665283 -12.151704874992665
6.6079206466674805 -4.920938259592604
16.15895652770996 -4.209295284705271
11.672751426696777 -4.8469297733869965
8.599200248718262 -10.211978208684007
10.550215721130371 -17.723676255583392
15.955795288085938 -4.422549673586345
21.952444076538086 -4.4404203106073625
12.470951080322266 -4.389409148676638
13.443598747253418 -6.537368751848386
12.360782623291016 -9.484620281473832
10.72575569152832 -8.584076140750994
9.65027904510498 -8.057485238211385
8.544469833374023 -12.866063050696486
8.210165977478027 -3.9747773728908307
13.2233304977417 -7.09872442411733
20.3017578125 -6.021146669997088
19.33160400390625 -7.2139103915913445
12.682173728942871 -4.8499716988531585
10.46387767791748 -11.150948295246938
14.143527030944824 -4.490131440778333
7.763189315795898 -17.896192295647097
13.523420333862305 -11.880400398138178
