9.14516830444336 -8.692265855770144
10.580788612365723 -8.827401799515446
17.27939796447754 -15.635230587333403
9.80285358428955 -8.984850878480822
11.354986190795898 -12.336968573540709
11.063675880432129 -13.33364366551892
10.549262046813965 -10.920279829183636
15.762187004089355 -5.819023555609793
16.117538452148438 -13.10150505494764
10.942913055419922 -19.55883188602854
13.049946784973145 -5.001209138047524
15.488677024841309 -15.671885403994532
10.608298301696777 -8.961278508873816
8.562920570373535 -8.362536489184263
14.556089401245117 -20.68303423974355
13.424581527709961 -6.9668623074418665
15.977113723754883 -17.34095045250237
12.1942720413208 -12.757383092084803
10.930582046508789 -17.185444181204666
10.539432525634766 -10.761649947950511
14.577770233154297 -8.858970523181508
10.87158489227295 -12.716755510678974
14.54731273651123 -16.617482147178833
14.18903636932373 -12.723702410529828
9.922078132629395 -13.55225020392395
11.310511589050293 -15.366887872769452
11.57577133178711 -9.421122292547233
12.561594009399414 -8.070832682587362
14.513997077941895 -8.253309716787403
9.171893119812012 -9.42846406299477
15.1237211227417 -9.984740566978012
10.135682106018066 -11.03634087640664
13.162050247192383 -19.885679147937353
14.304924964904785 -6.204068347955555
19.22735595703125 -7.214345836058467
12.244224548339844 -9.5518151931809
12.017752647399902 -12.711010309241031
10.676772117614746 -11.512085730060148
11.906676292419434 -12.306278112348176
14.535438537597656 -5.082092899210188
12.982595443725586 -12.209489050687875
12.895672798156738 -22.351695962491192
8.662247657775879 -13.02046274048708
13.612502098083496 -11.60148969460721
10.400468826293945 -10.40018490769808
6.745732307434082 -9.878921965364455
8.241950035095215 -7.686174922253818
9.194470405578613 -5.042244982235741
11.19244384765625 -11.550314618883863
20.582378387451172 -8.932659713028906
11.707436561584473 -17.99505317135724
18.99811363220215 -11.800805564928226
11.917279243469238 -6.888771240662029
12.805455207824707 -15.10685584995499
16.001399993896484 -19.63386701209189
9.813619613647461 -9.869264316718489
15.875693321228027 -12.807882537773601
13.237208366394043 -9.419560486837225
15.355265617370605 -14.580995083796822
12.742563247680664 -12.262049212540056
14.891054153442383 -9.537169062397648
6.245848178863525 -15.861940542937246
12.691853523254395 -17.619978219720863
16.606101989746094 -7.221850336799649
7.9085187911987305 -11.841904910835414
7.695346355438232 -15.830115501655346
12.646398544311523 -16.4171806574063
11.733532905578613 -15.252748615657575
11.546041488647461 -11.659881759076777
11.21334171295166 -8.96541188428521
11.082599639892578 -9.768408670822623
11.936649322509766 -4.557218303039051
18.378629684448242 -11.192078815619507
10.471938133239746 -11.28322646750416
9.475054740905762 -19.114135546588738
10.649762153625488 -7.047648352171759
10.688104629516602 -14.54368674813089
6.651056289672852 -17.151617443920088
10.569238662719727 -26.505617922450526
11.924656867980957 -6.577400606741246
13.957318305969238 -16.01123928486286
12.967947006225586 -5.900981893544098
12.956836700439453 -9.597596249620173
12.51597785949707 -26.18876767089087
12.947755813598633 -11.436781433081759
12.940733909606934 -3.4208100406300743
12.8400239944458 -10.162683412230201
8.53515625 -8.249479193078173
8.482416152954102 -15.26818236973386
9.567532539367676 -17.15439010162362
11.659457206726074 -4.497619971790965
14.267724990844727 -18.142724380089522
13.265673637390137 -16.03687644633993
8.806370735168457 -9.642190351225217
13.846416473388672 -10.577815233243038
10.345589637756348 -10.022836904646306
14.237016677856445 -13.022473115372005
10.612252235412598 -10.274547703495443
6.280715465545654 -16.95399281826284
13.025554656982422 -10.007857838681776
