12.404180526733398 17.900090454340074
10.381004333496094 7.745291844289504
11.12975025177002 16.02984247749977
5.026721000671387 22.425160572146705
9.705794334411621 31.44186211248504
11.135110855102539 22.7710393131174
5.082635402679443 29.16273587956765
10.093819618225098 24.870326429262168
10.320704460144043 18.0288283839727
9.85433292388916 18.03430454099666
7.271694660186768 15.796061034285982
8.609333992004395 26.907257943662778
12.666727066040039 16.75733134563226
6.154715538024902 16.81885141969097
10.47200870513916 16.870515994060504
10.46303653717041 8.373611030617827
9.125815391540527 20.393102365715038
9.595656394958496 10.99102343066539
10.473434448242188 20.593628375469777
8.984877586364746 15.11564028047215
11.228391647338867 30.56744040149471
9.636219024658203 17.449636722245934
8.476322174072266 23.15560452513305
11.197212219238281 11.262852217812
11.160154342651367 18.094165367865084
9.317991256713867 15.339760414425804
11.159445762634277 3.685454690398217
8.279312133789062 27.516525561877966
8.255147933959961 20.57703724993253
7.468718528747559 18.306637516022334
11.005806922912598 35.77548788401539
9.837847709655762 13.825346142190071
10.837372779846191 23.582540374114565
7.381898880004883 17.997765602274804
11.542548179626465 22.793083754475767
10.67855453491211 28.509406235144972
8.494621276855469 30.420297094588676
9.292750358581543 14.023561502859103
11.162260055541992 9.582256128705154
7.47986364364624 31.82086238609074
13.350399017333984 5.939465060378623
11.325300216674805 26.06826865279416
12.835227966308594 31.01000979001672
6.8939971923828125 21.54724890525198
12.617938041687012 25.388020160076145
7.735708236694336 19.041385773895588
9.48894214630127 31.548520747740643
9.301993370056152 16.2999147694652
6.59739875793457 29.52146037259474
10.000791549682617 40.57487714910667
9.479531288146973 27.158405646764145
11.402390480041504 20.6215658191746
8.228474617004395 16.90664231315824
11.649428367614746 26.752758352669307
9.409204483032227 39.29530783351525
5.922331809997559 38.89687219793792
8.509239196777344 22.197831790601008
11.158929824829102 33.00457562320939
11.993525505065918 18.39300026081782
10.610488891601562 31.737946416548
7.6882781982421875 18.637814264850196
9.694977760314941 16.35043194931924
10.181946754455566 23.756749587650972
12.228999137878418 30.766086377404438
9.477463722229004 30.80542479855346
7.377976894378662 18.787356507352868
9.084063529968262 33.20123452465242
10.4423189163208 20.509194019536203
8.46171760559082 29.704704421082432
10.892655372619629 30.034974491451017
9.11642837524414 28.273999271693363
9.0346097946167 15.838626365308556
8.26041030883789 33.532192005026985
7.685208797454834 12.05469715270306
9.805572509765625 15.80660167116518
11.087820053100586 25.211070466368863
9.380414009094238 30.745372748361675
10.234051704406738 21.14995423143662
6.147978782653809 12.291750781530713
9.701656341552734 14.565152817643984
11.088642120361328 18.42382292896217
9.659668922424316 23.280838808833966
12.06905460357666 32.766221795106674
13.002936363220215 5.029542149969668
8.405071258544922 15.958328244162672
8.867523193359375 29.08481706008857
11.636723518371582 26.464702418433426
8.335884094238281 15.920760795392031
9.26423168182373 39.50301011125247
11.301939010620117 20.973311181092765
8.149176597595215 24.51128877068047
8.734321594238281 25.25779949728078
9.251762390136719 25.681686255641644
10.740156173706055 27.093813504704023
7.229465007781982 23.95330671779234
7.808241844177246 22.936077813734276
7.602166175842285 19.273175815314943
10.46297836303711 6.071153972431649
11.955645561218262 23.003483670372336
8.665939331054688 27.378739852615617
