15.133255958557129 -8.556596796955963
9.82162857055664 -13.332280987066023
14.984557151794434 -12.404344669836906
11.777640342712402 -7.262794107344728
10.538246154785156 -10.126366418797998
8.19416618347168 -5.304966854576305
10.620500564575195 -7.281415797282301
9.468274116516113 -8.90316453217471
16.678009033203125 -7.726440167889279
15.346837997436523 -2.6821813255241143
12.123503684997559 -4.128196763941414
8.793754577636719 -4.158192610279509
17.253631591796875 -3.575267850386733
11.751757621765137 -3.91487072280666
12.47373104095459 -6.670266613508389
18.67713165283203 -3.24345214101994
16.706707000732422 -5.187002293129759
12.690251350402832 -6.750541517729587
12.100436210632324 -3.3681305046930667
11.654031753540039 -9.611783486342679
11.8834228515625 -3.874064427126029
8.633694648742676 -14.970109822407473
10.77937126159668 -5.335216811223633
13.999655723571777 -6.635227284186866
10.746526718139648 -4.520859431018028
10.998828887939453 -11.284721707101829
10.536256790161133 -13.07459418397886
10.23788833618164 -13.244240024367947
10.271799087524414 -9.138261494573314
9.167966842651367 -13.471374900273052
12.399592399597168 -9.397509258686899
8.340234756469727 -4.060920474025354
8.319086074829102 -8.580138465242003
10.478402137756348 -12.498388428102807
19.400854110717773 -3.491731281383914
12.924053192138672 -11.997222141922482
7.794928073883057 -11.46335841113175
11.36937427520752 -4.937372384740096
11.001204490661621 -1.905051505508286
9.505720138549805 -13.719248259200231
13.503302574157715 -4.926792271036646
19.60872459411621 -8.993335310145984
13.780200004577637 -1.8035590436758728
14.988274574279785 -5.397769028370567
11.436116218566895 -4.470789900133864
11.066831588745117 -8.805077069715692
10.695230484008789 -5.245433904883097
14.81561279296875 -3.747102640465168
9.499666213989258 -6.454319468064083
13.047574996948242 -4.790732271716165
13.213454246520996 -8.667245940588488
11.295086860656738 -8.51220623406076
17.512149810791016 -5.650843937500078
5.245116233825684 -12.287201592548016
12.295388221740723 -7.30595494855595
11.905101776123047 -10.965756346406483
12.783940315246582 -12.44316882823675
13.576244354248047 -2.6096761484217605
12.661036491394043 -11.572684867323709
12.62051010131836 -10.123682563334693
15.406898498535156 -5.611135422459562
13.651090621948242 -4.560355875227409
6.2033281326293945 -8.072902129625367
11.61686897277832 -9.406217560793912
7.921292304992676 -3.1536399601720237
14.212093353271484 -13.21889225979742
11.214974403381348 -11.532182543742847
10.635794639587402 -10.816642185833333
14.713010787963867 -4.872834293653241
14.117053031921387 -7.744302737295491
15.59895133972168 -6.6741763672603085
10.61100959777832 -11.734871984836271
17.111120223999023 -8.882883645079186
12.941559791564941 -5.6242406793032185
11.68017864227295 -8.683616897113133
14.601829528808594 -9.471441358537328
16.368471145629883 -11.89806183419032
14.437865257263184 -5.8126763054792825
12.111858367919922 -8.857755342978937
7.05625581741333 -9.074295561228581
10.5697603225708 -8.272036053500315
12.707716941833496 -4.008326719620122
13.838225364685059 -9.51086386466935
11.984088897705078 -4.606811656082577
18.05710792541504 -5.893211711708544
13.161033630371094 -7.051712236651457
9.982288360595703 -3.6839014545856097
17.735179901123047 -11.051998454583345
16.748865127563477 -5.729452203625534
16.74019432067871 -5.567327458147059
10.307451248168945 -4.896732875770013
9.514729499816895 -16.644720661878807
12.100212097167969 -1.8573479167377602
12.19051742553711 -8.61713614152034
14.076793670654297 -7.557473225077217
19.516889572143555 -8.505432928537964
17.21395492553711 -8.571118645116277
9.57142162322998 -9.013731599085895
9.705110549926758 -10.478329390732341
10.407191276550293 -9.183792929316724
