13.652033805847168 65.93571723227706
10.75660228729248 62.39959100609035
14.4061279296875 61.07109556239304
8.116713523864746 45.42594125792132
12.02481460571289 59.48177797141058
6.828052043914795 68.37866466370687
11.458959579467773 59.94106611163142
11.75216007232666 63.152457401747604
12.401723861694336 68.83145150508543
9.212837219238281 61.33039878976286
7.885914325714111 60.82434785556224
8.167737007141113 71.40133906470885
12.588907241821289 54.30546738530778
9.540953636169434 64.1607442451663
11.914471626281738 65.27626283608497
7.068944931030273 61.049998913188304
9.0798921585083 62.34548358806424
14.00969409942627 56.857507820600105
10.803037643432617 66.4567179836325
8.036948204040527 58.127802658990284
7.917953968048096 55.81389592125872
12.636815071105957 45.394798942187506
10.702367782592773 66.00229391403629
9.362007141113281 59.13161294708664
12.202352523803711 58.3888385195134
10.869060516357422 69.15945615293356
8.491608619689941 60.65502983279619
11.224279403686523 53.83237579950911
11.466794967651367 66.6923330132729
8.029808044433594 62.7334835742368
13.706653594970703 70.32925163658615
10.316478729248047 61.195884038989476
9.479279518127441 61.74559428959209
10.911933898925781 59.342888381720485
11.233834266662598 45.57538164796411
9.271574020385742 64.89108960797907
7.764265537261963 66.34827394708186
10.842458724975586 56.25167178863577
12.451869010925293 59.54899418013484
9.087239265441895 64.11867894623973
14.109411239624023 64.43834261128417
11.969855308532715 59.05222541957475
7.353278160095215 56.31186468778274
12.190730094909668 69.49532564330558
13.065825462341309 61.344367366819526
11.23755168914795 63.87310084425729
10.212516784667969 65.4365824272665
11.701580047607422 56.47111095000824
9.542722702026367 67.35703261668093
9.490862846374512 59.203366329773424
8.820091247558594 52.692073532136135
14.808585166931152 62.77811998584635
9.57311725616455 61.6973732243086
10.171414375305176 63.468180113388335
9.33966064453125 67.0323055979342
9.131569862365723 66.60780026610605
8.333769798278809 60.11256215704358
10.01091480255127 56.78862150515153
10.015851974487305 57.1883431511272
10.444711685180664 55.56950564443498
13.33254623413086 53.90582770133067
10.379535675048828 65.01399511914421
8.3668212890625 64.66828273763942
13.715377807617188 68.31026455234125
9.643799781799316 65.97670870500578
8.313265800476074 62.151158084903116
10.309935569763184 62.656495193121984
11.083036422729492 71.03251397235697
8.927420616149902 67.06324199172101
9.947684288024902 62.59119931249658
8.372980117797852 56.050855286558225
10.06710433959961 61.46735741529589
9.665575981140137 70.51452665258587
7.372597694396973 56.15187117311845
12.80914306640625 62.77185916682628
12.126006126403809 61.38273990491479
9.90242862701416 59.90252115240848
11.738693237304688 60.868757038816995
6.610552787780762 64.69487251797976
11.023226737976074 59.4621172115407
10.159807205200195 54.57327070526082
12.20012378692627 51.20452604850608
12.287660598754883 66.64937533025706
10.564261436462402 50.9173954887107
12.795778274536133 63.05141193166132
13.498076438903809 54.66424412467795
10.617323875427246 60.22009551397777
11.567519187927246 60.92847015324979
13.074345588684082 68.25605028651863
8.880485534667969 65.42790922736378
12.198039054870605 64.18686728208277
11.545743942260742 57.81253303571116
8.184408187866211 58.398241651786115
8.041158676147461 62.543291092435496
10.4829740524292 55.065629622368284
11.788422584533691 61.08163878966577
10.330052375793457 61.210057201382355
8.150334358215332 59.55392184220642
9.041892051696777 56.305555820817354
10.97052001953125 63.95586012406028
