9.38542366027832 -17.750771118912937
7.280707836151123 4.613359399178123
11.29210376739502 28.877465672625593
10.352192878723145 -6.729914987971664
9.556952476501465 -19.27498811335128
6.949381351470947 -6.781746393133411
10.154129981994629 21.768173794234684
13.154597282409668 9.173741650030026
11.41086483001709 3.53765033807365
9.946736335754395 -6.521139669582555
7.583516597747803 8.038471038375192
9.9517822265625 -17.61022313518549
10.209649085998535 -1.115131652519827
13.64760971069336 -7.839979929278237
6.901866912841797 16.042803700441052
9.249449729919434 -0.2724839217388364
9.933477401733398 -0.17681157421524496
11.162022590637207 -1.5005274608006374
12.96227741241455 -10.904411471828523
9.256945610046387 -12.336721419196847
9.389543533325195 -10.690524198583002
8.093182563781738 -22.5403875775796
9.579608917236328 -0.5900142721056818
9.83531665802002 -6.585164144458676
10.792624473571777 1.3036519224625336
8.802401542663574 -25.176523897903156
9.506017684936523 6.1417809325475705
12.582195281982422 -4.605531156232831
10.958686828613281 -21.849770218422496
12.888885498046875 18.094935763401562
7.789636611938477 -3.36967903999187
9.345830917358398 -8.214930725144676
11.860280990600586 -1.7655546866894782
11.348843574523926 18.17645094214986
9.27177619934082 -0.8524041598102496
9.920260429382324 -11.274461704527702
8.23390007019043 -14.939258361249184
13.823259353637695 5.6591880699320205
10.157176971435547 -7.177485567775928
8.3641939163208 -11.274001977397297
8.836544036865234 -10.734816950088575
9.750069618225098 -12.075551380901384
6.648346424102783 -7.314362339900295
13.653898239135742 5.080923980581701
11.180231094360352 1.768136345834123
7.40834379196167 -8.02854415137231
9.438246726989746 -8.104795088217749
7.8553466796875 18.896126915866986
8.324846267700195 0.07279163740057659
10.143913269042969 -8.180471999752013
10.052382469177246 -9.564495982705617
10.327862739562988 -2.7200962427059814
11.370136260986328 1.9410533612907581
8.155475616455078 -5.394992609894646
8.691558837890625 -3.083138130334066
13.233414649963379 -2.278993460864746
11.440109252929688 1.1378875390600653
10.132379531860352 -3.8490626357208964
8.44172191619873 -16.162944352855686
9.923907279968262 -5.519095018961434
8.218364715576172 -21.87897491539602
7.337976932525635 -17.704843811753214
10.189417839050293 -15.488765283279275
10.554717063903809 -0.19558781804531544
12.815781593322754 -12.480551777909108
11.115460395812988 15.312065573794051
9.16349983215332 -6.533865311181871
13.059585571289062 38.864271613267654
11.05068588256836 -9.164856482620678
10.469082832336426 -7.777499581946116
8.453997611999512 -11.642674995658517
9.038541793823242 -15.221767338175479
10.893889427185059 -1.3675829900667418
8.18258285522461 1.0817455921332495
10.218351364135742 -5.220156812505672
10.344117164611816 6.02698650492422
13.385027885437012 13.191592684761371
8.450983047485352 -9.903344916037153
7.679299831390381 -4.319360182011665
10.100110054016113 -8.991686882588892
9.133354187011719 -0.9719791029377751
9.476442337036133 -9.957274543654668
10.104004859924316 -19.313065293465588
9.899321556091309 -29.094770591348105
12.069282531738281 -11.526956273659238
7.525389671325684 0.23604376281141426
6.995779514312744 2.8210385419151676
10.402078628540039 -15.033836122407848
14.643387794494629 6.681137744828128
10.947336196899414 3.148793980450119
11.630314826965332 -11.80601384736118
7.733541965484619 -2.0251468312883603
10.704402923583984 -4.306743024200797
10.773423194885254 2.918879604639885
10.352859497070312 -2.325310357784204
8.111589431762695 -11.624420485604555
7.212512016296387 -8.312479571497256
10.031347274780273 -8.586044697570333
12.374723434448242 -5.618000795228343
11.411828994750977 20.881238527574766
