7.811344146728516 63.520131600937
13.217529296875 69.79955926481988
14.364830017089844 79.41478331874201
14.903107643127441 60.21298600810599
15.666624069213867 73.59722807663387
13.5205717086792 69.23248985623377
13.16739559173584 77.52836444086839
12.508925437927246 70.59625614357397
13.31033706665039 66.70488657421258
10.695794105529785 65.47044142106941
11.715998649597168 73.25508506040867
13.942824363708496 69.25606397094381
14.046640396118164 72.21471322271358
13.228936195373535 65.37892425467605
15.150008201599121 77.1708788083648
13.794042587280273 65.12522371219772
13.943214416503906 73.21353553063953
13.740730285644531 73.05742489613253
13.492050170898438 75.2454400246691
11.619728088378906 70.47788065960368
14.341296195983887 62.15351173906898
13.85880184173584 70.86027605876838
14.938727378845215 73.77349142805896
13.522786140441895 69.03327905261385
15.851917266845703 75.21834436611903
13.976479530334473 68.96608454831131
13.283096313476562 65.88313644188614
14.546792984008789 61.31964314328487
12.813800811767578 77.91783297328107
14.823186874389648 65.85154727427296
14.41473388671875 70.1654800788518
12.16031265258789 65.07049982953505
12.268523216247559 60.088655614141175
11.721935272216797 75.52862305332569
13.348374366760254 66.10697490746621
14.332535743713379 70.07602504754999
14.921004295349121 73.8414647354333
10.99721622467041 69.9171245182724
10.853219032287598 64.21843180688023
13.258062362670898 65.972471235111
12.015506744384766 69.07702404280823
11.9733304977417 62.15636357053086
12.771957397460938 62.142910456882824
12.292656898498535 64.66728136483671
12.48534870147705 70.47081193794777
10.719117164611816 72.5813922536737
11.478363037109375 68.54157724628979
14.08912181854248 66.27680296621789
12.433138847351074 70.276497952854
12.338990211486816 65.23690737828771
12.92581844329834 70.9815172855933
10.285459518432617 66.53452766601946
9.848759651184082 60.4660388403372
15.160510063171387 59.7692756924361
15.280651092529297 62.671177437271844
12.899084091186523 58.463479560959186
11.831225395202637 69.0568500611763
13.152067184448242 72.98861861317586
11.620759010314941 57.91399845802646
13.71145248413086 69.68614745179813
14.509666442871094 70.28972288882109
10.142958641052246 71.14786539289759
15.313352584838867 71.98652447162868
12.038982391357422 61.08159885523532
12.827138900756836 65.72343525804155
13.461515426635742 71.07443675855112
11.487317085266113 75.02867638795166
12.701078414916992 66.71269622651654
13.735756874084473 64.48727232765297
12.290639877319336 70.73204102598788
11.975346565246582 58.11302933700552
15.410889625549316 71.72804860293495
13.38348388671875 71.9523620425861
15.042020797729492 65.0647004666197
10.678129196166992 68.57071154090862
11.140199661254883 75.99709983686888
10.042266845703125 71.17170242400888
9.832674026489258 61.252607582937685
15.895235061645508 76.65732542098222
14.641739845275879 71.58350496424309
12.874792098999023 62.921361935112756
13.566311836242676 53.3024496848716
10.449708938598633 56.354051924074724
15.089827537536621 74.49364572123311
14.523733139038086 60.160742643857155
15.190464973449707 75.13980904781292
11.364665985107422 65.93935916749469
13.71420955657959 75.82498418335115
11.941161155700684 66.28598353688093
13.940563201904297 69.42243476646297
15.54570484161377 73.61635632100287
11.981821060180664 65.17267028374606
11.973540306091309 73.98247442286159
14.335070610046387 67.01994406985021
14.055551528930664 61.032512751357444
14.471599578857422 58.80079649565671
12.852374076843262 74.86741304694175
13.216838836669922 62.54271368972236
10.428845405578613 67.40349537495351
13.062859535217285 66.79683473967604
