13.124027252197266 62.90525486396887
13.658960342407227 68.3269414400968
13.97000789642334 70.31721221665093
15.920117378234863 65.72433917745452
12.001330375671387 70.42668197456233
11.265276908874512 58.62666292077409
10.82907485961914 63.94505544487781
13.717830657958984 66.04273617056712
13.200512886047363 63.937638968286684
14.723740577697754 73.02587338335049
13.18800163269043 77.93511340668945
10.836295127868652 64.96848532502173
15.353448867797852 70.0114686496535
13.604973793029785 77.23873729508631
14.523159980773926 55.05779411611338
14.203296661376953 64.77147694560209
15.576494216918945 71.1819975410249
13.210711479187012 60.75471544106518
12.8468656539917 69.96488026307944
13.58132553100586 61.46400031591913
10.917922019958496 58.098108737833584
11.549944877624512 71.79405545152629
10.673613548278809 70.11560985864708
13.427600860595703 60.59347538822394
11.646333694458008 71.01995213022128
13.751462936401367 67.80778900463342
13.817861557006836 52.95254034827892
13.393320083618164 70.88362593359192
14.15371322631836 66.28350427992501
12.891958236694336 67.85393733247493
14.148783683776855 70.66378948228966
11.51025390625 75.44083210848414
11.904479026794434 64.89925487683404
12.630134582519531 60.07981164820686
14.76469898223877 68.07954689066865
15.122833251953125 61.92131985704611
10.5720853805542 65.53178701507531
10.342184066772461 70.6665855274915
9.904866218566895 69.15981422726983
13.691736221313477 66.52500415070588
13.782946586608887 62.3061540029521
13.28626537322998 61.56290042392339
11.94802188873291 72.33227711673646
12.004794120788574 73.15236217486986
12.884805679321289 58.78502838670546
15.24496078491211 75.71331767656349
12.308300018310547 68.8886258493568
10.304252624511719 69.93370552127156
14.203951835632324 62.05586354288927
12.234617233276367 68.24566176796603
13.073637008666992 73.6872653594175
12.878777503967285 63.80331459157217
12.214935302734375 71.55369888829127
14.017400741577148 71.42863861621551
14.748506546020508 71.04007894537253
12.682283401489258 72.65408132269627
12.174515724182129 68.26152353866786
12.654261589050293 68.81788386562953
13.933517456054688 71.14440488356801
15.899938583374023 70.98463554466875
11.794683456420898 62.04496493833433
13.275764465332031 72.9787250446819
11.824458122253418 71.63011217414969
8.848559379577637 62.363296553806975
9.116220474243164 66.80778774975397
11.689148902893066 68.14229346617688
13.616362571716309 63.99831069058012
15.549574851989746 67.46097669841234
14.44388198852539 70.79790427795656
13.833587646484375 59.2650225115475
14.108376502990723 76.24318563129289
12.212756156921387 72.0792179707918
14.061481475830078 54.64343955332751
13.585897445678711 72.47685607727439
15.173626899719238 70.85093585020002
11.754417419433594 72.55324070764509
11.393694877624512 73.92581130357885
13.703526496887207 61.18029103675559
12.68019962310791 72.10201169195055
11.568785667419434 70.4922555704406
10.289958953857422 59.953174562531736
12.73224925994873 75.54651285158347
13.172927856445312 67.64565703356993
12.055049896240234 65.85970212141085
13.06790828704834 73.93529622973494
13.589158058166504 67.46078630384228
10.843467712402344 64.33619904935112
14.1367769241333 70.95864974014479
15.874958992004395 74.23591550439326
13.917858123779297 60.61743148331394
12.930031776428223 62.50361921427871
8.170373916625977 71.94021038982012
14.30173397064209 66.29769184556162
14.181127548217773 72.6610223203334
11.248525619506836 78.4480728223048
13.915363311767578 71.45608893146678
11.946915626525879 72.93411406448828
13.071446418762207 74.23576315805063
7.367060661315918 61.54937940398208
10.83388900756836 55.25441242764642
