12.18994426727295 -5.867060609097297
61.02033233642578 0.0
11.392313003540039 -15.590431074406553
12.86883544921875 -5.717707606955104
13.69214153289795 -7.860548961329471
12.004722595214844 -6.8461446097679355
14.530920028686523 -7.636684716661723
14.246524810791016 -8.660925580178404
66.1881332397461 0.0
16.88899040222168 -5.866815566784461
20.59132194519043 -0.32306100422111284
12.722091674804688 -13.138856243086071
12.706581115722656 -7.328385762289989
13.874985694885254 -16.872025065890554
14.216143608093262 -7.286054605674697
19.54311180114746 -1.3968230750666963
17.856170654296875 -5.2574837826825735
19.68870735168457 -9.582726039943598
11.906832695007324 -7.462925330043675
17.682767868041992 -11.323533670431152
18.24310302734375 -2.82431438432502
16.4608211517334 -15.7984895108611
16.846153259277344 -1.105634855261683
11.435129165649414 -3.507332339895796
69.22421264648438 0.0
14.050458908081055 -6.87170391628623
15.221067428588867 -8.769899020469666
17.35012435913086 -12.612642612253342
13.536521911621094 -7.384436041212267
13.724384307861328 -6.522962678362097
13.918807029724121 -4.502087274825107
17.803810119628906 -6.170105776916283
15.530580520629883 -14.570561318653283
16.8408260345459 -5.095103736741755
36.656490325927734 0.0
13.818668365478516 -5.762758539153716
13.792902946472168 -2.741172203173894
14.674820899963379 -8.867333593610518
13.248308181762695 -3.4888487567045674
14.342910766601562 -5.836262977938677
14.387109756469727 -5.66361761543917
16.696081161499023 -4.594937923532889
15.426985740661621 -2.993873468314108
14.776162147521973 -2.7035916730528218
10.699661254882812 -1.9014078625374902
15.501222610473633 -1.0946163866086285
13.070716857910156 -3.2772253206693
15.665994644165039 -4.145930484143262
13.646968841552734 -0.564018158542956
10.65217399597168 -4.209536092004344
14.792526245117188 -11.981451505728181
16.25762939453125 -4.019106772241915
12.787253379821777 -8.118253792757791
17.479333877563477 -0.0997139732441985
14.616857528686523 -3.6231586546286705
15.964083671569824 -13.350083968027896
12.274292945861816 -1.0645443742221792
12.395429611206055 -0.9953272207589479
13.544275283813477 -5.3691367552962115
19.373193740844727 -5.3768205860440315
12.122962951660156 -7.291509615595658
15.792582511901855 -6.014532375730714
15.70042896270752 -3.2882745491471814
13.39854907989502 -0.6280535358412234
15.283690452575684 -2.0572895606308084
16.6680850982666 -6.534493506913566
13.826475143432617 -3.360191030452444
13.740723609924316 -1.5778786864345902
12.839889526367188 -3.7155319688466726
16.271133422851562 -3.255919036883847
16.288904190063477 -6.128568850320301
64.21539306640625 0.0
14.703997611999512 -3.0288058390750923
15.652305603027344 -16.458299820009405
12.227228164672852 -2.0313690390650736
15.353715896606445 -7.7607799553098875
19.63109588623047 -7.8123316859820235
14.627074241638184 -8.009121070471565
16.92128562927246 -0.4205794477595317
13.394822120666504 -8.873109956442597
13.193249702453613 -2.9041500346705518
13.820915222167969 -1.3451046108286446
18.03826141357422 -5.070254851626738
11.807199478149414 -7.421145553789164
13.765722274780273 -4.791137647852958
13.135468482971191 -3.833378358239334
17.84197235107422 -0.14068307760467036
11.331482887268066 -1.6590709231457685
16.555715560913086 -9.029123806722122
12.571022987365723 -11.523519801156464
16.369916915893555 -1.3180581570134327
12.584142684936523 -9.08074550208451
69.71292877197266 0.0
13.816341400146484 -2.132862669846827
13.998649597167969 -13.836998451873894
13.674784660339355 -5.863760849921356
16.82293701171875 -8.75093824893655
13.099246978759766 -9.464790795570446
15.757345199584961 -7.452276576170519
9.047792434692383 -12.967887657641459
