13.396126747131348 70.27056018313282
13.628817558288574 77.35632466248875
14.0734224319458 76.63257430649122
13.30117416381836 73.4826946809006
11.5341796875 82.52021685602334
11.394927978515625 73.66364582420402
12.87255573272705 70.8701715733873
14.009931564331055 67.012483015256
8.731611251831055 74.44818619556375
11.137462615966797 69.69583424227673
12.78641414642334 71.72807881321266
11.367385864257812 74.4534958714845
9.572955131530762 71.22591758500727
12.310850143432617 75.15322813050462
12.288775444030762 78.98572543411845
11.876202583312988 62.31375900432509
13.444350242614746 69.89115137891771
11.250118255615234 64.82785634611315
12.113536834716797 74.37577163693055
13.01939868927002 72.6788079729111
12.603558540344238 75.04794922975961
14.951732635498047 77.96313456809442
11.573060989379883 75.68266723948153
9.977901458740234 63.50055733311528
10.528705596923828 76.06428763541788
12.687581062316895 72.67424170382955
11.244242668151855 73.18403148507412
13.267601013183594 78.95235071745402
9.666693687438965 74.50842662376925
11.243725776672363 68.93441874072869
10.338488578796387 70.11543208447057
10.069777488708496 73.23025482929052
12.713468551635742 72.54281559514726
12.029626846313477 73.13703445349793
12.607293128967285 72.50796026893798
11.670052528381348 73.7643200575622
12.194334983825684 77.2412876380221
10.881285667419434 52.35447129191695
11.996993064880371 67.40132457196471
12.285075187683105 77.58129394855084
11.817545890808105 73.41293376657272
10.941505432128906 74.62198595040974
12.414361953735352 74.09595585894881
13.34034538269043 66.2658995999214
13.5321044921875 68.08639651630847
12.686683654785156 72.96157884225963
10.917349815368652 66.7586434888043
10.309117317199707 70.23895343984623
12.361729621887207 67.51155322368945
13.129826545715332 75.62064438819314
13.244649887084961 76.63688941600836
11.86667537689209 80.42640536271324
13.501768112182617 78.1831026818772
10.83281421661377 72.68314367421316
11.923429489135742 76.2999549282841
12.940670013427734 71.33931961337836
11.995864868164062 70.66860352023784
11.88622760772705 72.42480029340626
12.096612930297852 68.56077426521395
13.444893836975098 73.8779029082611
11.977052688598633 75.32318212186979
13.252306938171387 79.28777329829447
15.073881149291992 71.2933244046682
10.601872444152832 73.27084465593398
13.199247360229492 59.57956940660752
13.635710716247559 69.5724901850333
12.386253356933594 77.62096694812641
10.339656829833984 73.26929629769147
13.431851387023926 68.70004796655851
13.156797409057617 71.51938410142488
10.110265731811523 75.82105710760032
9.839802742004395 74.19107817609391
9.540945053100586 70.71705994140021
13.651519775390625 72.83485415259076
11.526394844055176 70.43888926877345
12.457439422607422 75.17633445391127
11.668647766113281 76.14952906057131
11.025964736938477 72.39557218073159
11.545281410217285 71.36468706087905
11.806794166564941 70.31508787949561
12.514100074768066 64.13672854548962
10.906220436096191 74.08136442618357
11.884275436401367 71.81947237768478
11.42127799987793 67.51474597063307
10.580170631408691 76.90531339731022
13.048293113708496 71.77003845543078
9.68269157409668 62.717514922732974
11.719159126281738 72.55986920780117
11.299814224243164 69.75575754502799
13.76069450378418 72.92112585976352
10.196823120117188 72.959829876119
9.476338386535645 75.70610815968115
12.638749122619629 70.68440072078437
9.32167911529541 71.68128753604768
13.955695152282715 72.84017696213871
13.458342552185059 73.77514847239071
12.784687042236328 78.17976419406847
11.563636779785156 75.63129013881854
10.69516372680664 69.39335929904314
10.090529441833496 66.15673009023399
