44.711395263671875 0.0
61.83396530151367 0.0
74.9132308959961 0.0
42.400508880615234 0.0
41.50641632080078 0.0
23.451496124267578 0.0
15.264920234680176 -1.7729927092338218
13.36614990234375 -12.422527103586976
16.119930267333984 -3.124772989761233
15.552600860595703 -5.65043205634792
13.061529159545898 -4.592902271938577
36.61150360107422 0.0
15.6985502243042 -6.528131966803761
10.7152681350708 -2.4367201829757903
18.7843017578125 -1.862825952569335
12.270779609680176 -0.8765772698806749
74.07392883300781 0.0
14.471264839172363 -3.4872279142451514
80.39735412597656 0.0
16.583959579467773 -3.598111867928459
53.09638595581055 0.0
13.360856056213379 -9.543951442227188
12.342463493347168 -1.9381857808053695
10.788679122924805 -2.700976323538571
12.048823356628418 -0.399450972715822
13.925536155700684 -1.1542895559858337
53.23922348022461 0.0
64.25843811035156 0.0
25.862871170043945 0.0
18.55149269104004 -5.613347740379474
40.895938873291016 0.0
71.64820098876953 0.0
21.92643928527832 0.0
17.522321701049805 -0.8756055449125113
68.94013977050781 0.0
17.774417877197266 -0.49445787540020913
42.13648986816406 0.0
54.9712028503418 0.0
29.948923110961914 0.0
10.803251266479492 -1.1750860071475646
52.66141891479492 0.0
57.79887771606445 0.0
60.97187042236328 0.0
57.61318588256836 0.0
74.62486267089844 0.0
76.17366027832031 0.0
12.200826644897461 -0.9393071836242584
65.83047485351562 0.0
11.601616859436035 -3.056231696240098
54.115478515625 0.0
75.2628173828125 0.0
80.97701263427734 0.0
70.50128936767578 0.0
77.54270935058594 0.0
67.74063110351562 0.0
81.65961456298828 0.0
41.58457946777344 0.0
79.63504028320312 0.0
79.14144134521484 0.0
72.90953063964844 0.0
79.96421813964844 0.0
73.41961669921875 0.0
40.44735336303711 0.0
73.44190216064453 0.0
55.94578552246094 0.0
13.575907707214355 -3.06970134045062
25.914033889770508 0.0
78.93627166748047 0.0
15.646392822265625 -0.1295668050676072
72.52379608154297 0.0
15.797779083251953 -0.5191359255244967
40.59988021850586 0.0
65.11314392089844 0.0
70.98261260986328 0.0
38.49245834350586 0.0
73.38440704345703 0.0
9.35448932647705 -2.051661961763328
45.856380462646484 0.0
77.19576263427734 0.0
12.391470909118652 -0.6479185955765789
75.0546646118164 0.0
39.59420394897461 0.0
68.90740203857422 0.0
72.23194122314453 0.0
57.75181579589844 0.0
61.11849594116211 0.0
72.99593353271484 0.0
77.85917663574219 0.0
13.909610748291016 -4.434702584130149
13.310149192810059 -0.10994599514803927
13.547721862792969 -4.541682147280566
26.436635971069336 0.0
15.904348373413086 -0.4806518767877541
15.27940845489502 -4.590233981324694
15.43648910522461 -6.327417980072637
14.085328102111816 -6.303096281144063
13.897286415100098 -3.230427457192106
12.609139442443848 -5.460154921899186
63.210304260253906 0.0
73.92037963867188 0.0
