12.157520294189453 70.30655014284501
11.724199295043945 70.75558888531326
12.451506614685059 69.82830292001638
11.956193923950195 81.14812753640702
12.853205680847168 76.4271904196333
10.579245567321777 74.68672424636377
13.926212310791016 80.34786949282659
10.373279571533203 76.81479398880722
12.32569694519043 74.2194718257283
11.529865264892578 72.86263359928567
10.179561614990234 67.14882347545654
10.730616569519043 72.65113846268704
10.376075744628906 75.94798527652986
12.722675323486328 71.2538371654086
12.440356254577637 62.48305837077116
10.674262046813965 75.95285334042988
13.584489822387695 71.32212442342794
13.490911483764648 72.86480921039104
12.21950912475586 71.28407801913346
11.595261573791504 75.49140301560334
12.892745971679688 73.71670631371212
14.063695907592773 68.35452585230246
12.456106185913086 77.14990444099605
11.890148162841797 73.54820751642501
11.399263381958008 72.59354193329567
12.317422866821289 76.44727360227233
13.819482803344727 78.93318495661217
8.912769317626953 63.76884386456001
11.288933753967285 66.74049830439134
13.19365119934082 66.88641930007836
11.079352378845215 76.02712301065432
11.54919147491455 67.933873862343
12.524862289428711 74.11050288300464
13.1666898727417 80.27280183793692
10.499128341674805 58.985708047066765
9.380454063415527 73.01237233742104
10.538246154785156 77.01359368589128
8.410954475402832 74.2494227651888
11.36354923248291 66.5933969715874
11.587773323059082 80.01161431725376
11.685543060302734 73.52404616101373
12.986016273498535 72.0893770791508
14.048705101013184 66.35506931160275
13.745658874511719 78.1349523918305
11.781754493713379 80.72341182242872
13.924238204956055 73.99138628063206
12.376547813415527 72.72701849422279
12.139540672302246 68.85912553382646
12.449946403503418 74.10189450198902
12.206011772155762 73.26983006513686
10.36334228515625 71.89270900427452
12.922677040100098 76.1053778503347
14.858429908752441 76.63126557159092
13.90673828125 71.08727147563593
13.282934188842773 73.50738877582197
11.974717140197754 71.56755349750959
10.976009368896484 70.66329991262702
14.4019193649292 74.93045436911359
11.58491039276123 59.77084669910889
11.230319023132324 77.00769169742273
13.302513122558594 74.46014583558278
13.745747566223145 77.30746586858467
13.548555374145508 65.34567338145136
12.535759925842285 74.506570427594
9.624250411987305 74.9080416809876
10.811169624328613 72.43728113011056
11.58246898651123 68.60110099950255
12.851974487304688 68.2229049726165
13.984248161315918 69.10421360827613
12.347417831420898 79.13627293316934
11.79474925994873 70.7834691235657
12.059722900390625 71.48757831788933
9.375720977783203 79.00637989076921
14.394512176513672 72.50532477485902
13.056447982788086 71.33839522053132
15.775040626525879 72.88751270339148
10.589991569519043 80.0761657794711
10.601322174072266 74.94520741621139
10.736870765686035 69.93200316151342
10.043540000915527 75.5491382842499
11.02328109741211 66.12036055688725
13.045446395874023 74.1614196860388
13.759235382080078 77.59987770148126
10.893887519836426 72.53794312502795
12.367513656616211 69.9696642010995
10.765264511108398 74.1074914514867
11.144877433776855 73.36420480820419
15.231902122497559 78.77133594648566
10.823285102844238 74.28415286724582
11.988940238952637 79.73819814010236
12.807425498962402 68.57464961755923
11.661046981811523 78.8428690881382
13.228858947753906 75.21942204474183
10.502715110778809 73.54155705154915
12.867744445800781 73.51841621941239
11.210705757141113 69.66289277909485
8.175811767578125 74.01576683136236
9.774534225463867 67.842590204204
11.797223091125488 71.10270773623037
9.888738632202148 68.34522961763668
