14.988062858581543 31.996889242461755
14.453927040100098 39.08068651724905
11.4108247756958 40.83238484924348
11.254709243774414 37.12605095461748
12.552970886230469 42.269967282515665
11.01295280456543 40.44373409275586
12.176960945129395 35.7350683953519
11.930778503417969 42.33745087754336
11.216115951538086 32.71097429189879
12.033321380615234 38.728225493530815
9.766254425048828 31.19760415742599
14.364876747131348 41.19997972610164
14.338847160339355 40.82750176927799
9.209892272949219 44.98188949802737
15.050705909729004 36.062987713056685
11.313621520996094 44.71334268673608
13.879952430725098 46.093954599345494
13.212189674377441 41.392444471312054
13.265649795532227 44.65210718526794
14.924205780029297 35.41711764417273
14.556960105895996 35.13598786478122
13.339801788330078 23.961464556376573
10.592198371887207 33.307413172211085
10.19894790649414 39.16881674487144
10.85754680633545 44.269151699258465
11.329207420349121 36.929086090763185
10.724996566772461 36.26684323632879
13.1577787399292 34.94817272004702
13.543889045715332 44.24699556789779
15.790574073791504 32.63928784369949
14.82502555847168 44.33703386765505
13.121148109436035 50.284113516570905
12.718766212463379 44.80527003424568
10.875563621520996 24.73632217417981
7.994338512420654 42.38827255092909
12.476802825927734 35.56255096887596
10.313929557800293 28.25534272472529
11.391632080078125 36.78758110375812
13.331915855407715 43.49350909694214
9.125059127807617 41.98837437402342
12.493905067443848 41.15094947040344
11.90366268157959 30.27739823186777
14.146615028381348 36.60975961179004
11.10916805267334 38.5353792765159
12.176048278808594 34.80902353020055
12.202309608459473 30.83593998094987
10.4916353225708 46.36298344916137
8.236067771911621 41.714132647309384
14.621623039245605 37.26616423432106
10.980562210083008 36.55009357717918
12.046563148498535 33.22672800315485
12.409163475036621 46.82518991996129
12.13863754272461 28.223368249681833
10.652729034423828 39.78552587637317
14.531242370605469 47.00756260736247
11.27364444732666 37.327232206013306
13.828927040100098 39.81043011771269
13.145989418029785 44.674132887407126
11.342155456542969 42.64168126705349
13.051012992858887 45.184126507833064
12.322264671325684 41.56328558392186
11.265970230102539 35.61180664401037
12.884954452514648 50.31448123215528
11.812448501586914 29.449737291138916
13.485239028930664 39.15353197036149
13.283515930175781 34.45579064518243
13.530410766601562 42.1850756065243
14.274826049804688 39.61380046679681
10.980573654174805 40.721048220382784
12.755200386047363 42.76792758124291
12.455350875854492 42.30767290607805
8.951189994812012 42.665133616904676
12.988383293151855 39.36907822278891
10.169085502624512 44.5646961428996
13.724030494689941 48.44274939506836
12.438971519470215 37.882270248976134
14.314748764038086 51.92583457262461
12.936762809753418 38.69559819332292
10.523482322692871 40.58674174260809
14.2863130569458 38.794438361627755
12.489991188049316 33.31386540235448
12.037310600280762 33.19477367789318
11.231748580932617 45.30291747690537
10.916749954223633 40.36384597699042
12.388480186462402 36.01761970462393
11.994216918945312 34.864581283079445
13.714773178100586 40.329455140097
10.14968490600586 21.738745190226684
12.11569881439209 35.09312433689619
11.296106338500977 38.38665694230966
10.616767883300781 49.796690833065455
10.988064765930176 23.289687691523927
12.545469284057617 34.949891631449
12.150107383728027 42.42921807268054
11.76439380645752 37.44954157615064
11.828622817993164 44.315239368914575
14.46507740020752 45.59867906564537
10.882670402526855 38.78529522125109
14.057682037353516 34.2260922285458
10.534863471984863 46.049957135782414
