16.988561630249023 -24.304465260576258
15.507694244384766 -27.81760908656019
13.455262184143066 -27.905554757346295
13.741704940795898 -20.14760776690977
16.021732330322266 -18.136211202033923
13.227349281311035 -28.357991702181266
13.840991973876953 -20.542494280234756
14.71696949005127 -21.391426309713516
11.627930641174316 -21.998767335287432
14.021477699279785 -17.61844136992816
11.670234680175781 -19.944650986291958
12.344759941101074 -23.837542183307207
17.40411949157715 -24.540291478440967
15.594681739807129 -25.5650701939255
16.02435302734375 -21.18670486199319
15.3925199508667 -27.963900221836795
10.953890800476074 -23.214217943030462
14.76826286315918 -23.91929178779234
13.049660682678223 -25.140835193821935
14.40156078338623 -24.229344941017995
14.827149391174316 -22.545175521409725
14.595240592956543 -22.024226028103147
12.250594139099121 -25.143506487489987
13.448840141296387 -18.453556619096904
19.33576202392578 -22.729402830250287
15.398134231567383 -25.074072161402096
11.913326263427734 -22.49028266846154
15.306632041931152 -24.86711663617725
12.098495483398438 -24.22225358390483
13.753645896911621 -22.316795393901838
14.392786026000977 -28.197825525605687
16.701377868652344 -20.79544767848055
15.575613021850586 -18.962320618204426
11.950389862060547 -28.60549022051513
15.78292465209961 -26.10491657404794
13.126814842224121 -22.99207628885366
14.269346237182617 -30.918416579715174
14.841439247131348 -25.433382896064405
12.572515487670898 -27.44767101573572
15.201260566711426 -25.475646011559697
16.655794143676758 -14.46308894327278
9.396307945251465 -18.431395239130573
15.889269828796387 -22.059092542865322
13.178267478942871 -26.550830474045792
14.361680030822754 -25.092072356025156
15.423089981079102 -19.55585746336146
11.494606971740723 -18.50552086629679
14.923566818237305 -22.660380337358443
12.700430870056152 -24.498082589006252
15.614795684814453 -24.020202269578316
9.637765884399414 -24.11291283580648
13.074300765991211 -21.032826862539316
12.61987018585205 -25.23352741492208
16.075862884521484 -20.223250873557145
10.444915771484375 -19.661476994931714
18.728559494018555 -21.524277514902987
13.90036392211914 -34.4895320606025
18.10927963256836 -19.83680466721904
9.090622901916504 -31.50360882086698
13.91801929473877 -24.071487293308863
13.75091552734375 -26.241501391451067
16.263460159301758 -21.530284152305395
16.032756805419922 -43.45166133294279
16.08141326904297 -18.016140842644074
21.827329635620117 -19.01918512269912
12.50207233428955 -28.685012865958115
14.58018970489502 -21.652883624777587
13.142791748046875 -29.505601793177675
14.18163013458252 -21.423780725035414
15.674717903137207 -18.371663945405235
13.638055801391602 -23.080368274948107
13.245563507080078 -20.1939182437677
13.413078308105469 -22.63312856982127
12.346772193908691 -27.87030574011098
14.541760444641113 -20.976920955819562
12.624665260314941 -19.510098430225952
14.410154342651367 -24.29801346489147
16.791584014892578 -18.190889969880892
14.041817665100098 -23.106012778619498
12.518932342529297 -24.368905300423947
16.23639488220215 -35.45019570336836
13.325831413269043 -27.98247311017427
13.221793174743652 -22.186767973991632
13.493607521057129 -23.664121296519355
15.495420455932617 -23.526393751633258
13.210461616516113 -20.05484895522135
13.322277069091797 -23.236299643106385
16.505420684814453 -20.29417884458658
13.888082504272461 -23.684007991434182
12.234055519104004 -19.140528925276257
14.662327766418457 -18.452532166473027
11.447847366333008 -15.587827859725003
11.222461700439453 -20.27638934816093
14.272711753845215 -20.53983299456005
15.474222183227539 -26.332326277509054
16.408720016479492 -21.388666946638757
16.587570190429688 -19.131997538256503
11.070734024047852 -26.216575261740918
12.775857925415039 -19.267728019383707
9.759407043457031 -24.623998712620118
