14.846707344055176 35.2925802576897
12.17716121673584 25.477766911402668
14.28011703491211 36.80492843823515
14.57349967956543 39.29213945573396
12.563060760498047 43.910636850424986
12.286450386047363 38.63588652488353
11.688484191894531 41.26040742198177
10.616767883300781 37.83889903900111
13.186651229858398 28.01982499894987
13.571526527404785 33.87060758616653
11.304868698120117 35.158383988920086
12.33499813079834 43.26890820449345
9.846138954162598 41.28399878148735
12.31510066986084 31.650946045367423
13.448138236999512 33.7017305999549
10.951096534729004 29.439786100866016
13.432942390441895 42.571634750873706
12.281777381896973 29.67216793463991
12.706012725830078 45.453404010724235
11.501158714294434 42.771034532919444
9.71563720703125 47.44648474633733
12.739372253417969 35.2804718520748
12.538773536682129 49.54787671339819
14.8271484375 48.10135857224432
13.784221649169922 47.841157429323395
9.811901092529297 40.048802521166444
12.618745803833008 46.98647491431015
15.034152030944824 32.724762984853704
7.921470642089844 37.03879760600207
10.547097206115723 36.26427869905105
12.01246166229248 36.218847759464595
14.802377700805664 48.98322541607014
13.223721504211426 43.84026704875293
13.7030611038208 33.35553168257331
11.303140640258789 51.123331559624674
11.237655639648438 35.48164775384899
10.686820983886719 36.52469422418025
15.522684097290039 47.61609683415127
11.259185791015625 40.58721043056413
13.022616386413574 46.591676070921245
14.34288501739502 36.646999243416175
12.167821884155273 45.10051012641032
13.118258476257324 41.04638988089294
13.808205604553223 48.13869052322039
13.059825897216797 33.88602539074823
12.164453506469727 36.081161471878474
13.231316566467285 20.85643796138294
11.777993202209473 44.33267458450845
11.813668251037598 42.796579004348004
14.93519115447998 40.16948125272875
14.471837997436523 47.574964964217955
10.11549186706543 37.78349992784492
14.04604721069336 49.70280062383527
13.885774612426758 36.210712723022645
13.121132850646973 43.82297724407689
11.9142484664917 43.52856920067605
13.259106636047363 34.15280211674063
12.749040603637695 39.72409775734437
13.349883079528809 39.834482393014056
14.106239318847656 47.61718149127121
12.190749168395996 36.74477497884475
14.857640266418457 45.748376749497055
14.306451797485352 42.08310013433274
12.344979286193848 39.67555856437972
14.813287734985352 23.60599725780548
13.193550109863281 42.54234675181182
12.507949829101562 24.807127203538645
13.157505989074707 38.43078755157118
14.881547927856445 40.71193502667491
11.001953125 43.469872787682384
10.126777648925781 37.61200132638635
12.895002365112305 44.700030798873506
14.451014518737793 41.15101099106342
10.93278694152832 42.49303274852957
13.791126251220703 43.65408664845773
14.181808471679688 48.981571216670815
13.545326232910156 22.199817677189195
12.492595672607422 46.35634878658435
13.582047462463379 39.09393622845932
11.848990440368652 43.52204859204889
10.640080451965332 43.43748067115175
13.335009574890137 32.31104389086512
9.613036155700684 43.13653674858301
13.713483810424805 38.67269186850026
9.821849822998047 41.44199742068335
12.75129222869873 35.88490450415538
9.473183631896973 33.86915530395807
10.602667808532715 31.392267929699873
12.391355514526367 34.22385473298975
11.36082649230957 45.39042547239616
11.790194511413574 20.642979631462282
13.167257308959961 43.55252612642248
11.217998504638672 37.46412895615868
13.98634147644043 29.74851961475526
16.377788543701172 39.506781308107165
12.38620376586914 31.540675019059044
14.390495300292969 44.410111159186435
10.34060001373291 44.59759743978114
13.801626205444336 29.836420618512264
13.711723327636719 43.15721209920561
