13.760759353637695 -22.703348296349247
12.372859001159668 -25.975126701766094
13.503035545349121 -22.27449661612811
17.580049514770508 -22.819238115925863
19.72575569152832 -24.20284355619046
14.529281616210938 -24.952654780488302
14.213203430175781 -24.311882271874573
12.847500801086426 -22.882273731227784
15.663470268249512 -20.659179746106524
14.853025436401367 -21.68549871467852
13.233165740966797 -18.656887494145817
16.386913299560547 -23.904471977397982
12.963191032409668 -24.130033339531472
12.724947929382324 -23.857696466845905
16.606670379638672 -27.565463485593888
14.679673194885254 -25.397438426136844
13.548367500305176 -26.12875410965431
20.962846755981445 -22.847902364619543
11.599206924438477 -27.246913549457503
14.573838233947754 -26.10584004987043
17.312868118286133 -24.05747702191888
16.142696380615234 -28.206895136134122
13.74885368347168 -24.04778457279025
11.443256378173828 -29.232933028732397
11.94510555267334 -29.346398608021104
15.459535598754883 -26.304700840049474
14.188035011291504 -29.696170241259995
16.40560531616211 -23.998367630371828
14.154387474060059 -27.51973042908596
14.36177921295166 -23.197817943956856
14.17278003692627 -23.290478488757334
13.648736953735352 -22.608348764669902
14.906708717346191 -24.451270375708063
17.259971618652344 -23.36952840069375
12.644932746887207 -28.796512194888116
12.780162811279297 -25.808628748828134
13.672574996948242 -22.421185047766695
15.111319541931152 -22.54953342588198
14.810222625732422 -26.784006203574897
16.882495880126953 -21.127317741632048
12.649815559387207 -23.93531072270229
14.960600852966309 -29.784606636190162
14.419568061828613 -25.745968540138993
14.928399085998535 -20.030721877385265
15.47039794921875 -25.86181279812454
12.946877479553223 -22.09728463221051
12.547526359558105 -23.09656635922564
14.933987617492676 -28.28569640012966
14.857452392578125 -31.22524349023825
14.044708251953125 -29.460488455196412
15.164463996887207 -29.411691256200697
14.011178016662598 -20.095810552901785
13.310194969177246 -24.9882799118187
14.726554870605469 -19.726526828820166
13.10588550567627 -25.287856715657927
14.66746997833252 -22.44093925863639
16.643136978149414 -27.60400251444445
15.490588188171387 -30.087158029468156
19.4093017578125 -22.70462145079061
16.214570999145508 -25.494220747230187
16.284473419189453 -22.57830190337453
15.027679443359375 -24.48132260364882
17.625717163085938 -21.675505179898188
12.120912551879883 -28.617911930715643
21.620006561279297 -19.240862532270345
12.426619529724121 -30.803215542806576
13.736906051635742 -27.201490067291978
16.529239654541016 -24.247735846054812
12.510506629943848 -25.706809745960214
12.241873741149902 -20.02718922864124
13.621204376220703 -19.128691889065333
15.750832557678223 -26.423030804065384
12.371252059936523 -31.07240948454517
12.803006172180176 -26.472195009915325
14.325905799865723 -27.708272744750765
13.391295433044434 -23.049291523444566
12.19543743133545 -20.926536332433066
15.17513370513916 -23.17966513564916
12.77161693572998 -19.574912492574168
14.011977195739746 -25.13287519087921
13.31134033203125 -21.685943897585293
19.377609252929688 -23.731628538571155
10.322546005249023 -27.491458454077623
15.539107322692871 -24.576406303233345
13.477653503417969 -23.241591293291457
14.456958770751953 -28.16717775627224
12.736166000366211 -28.365263480131013
11.872450828552246 -25.8545067060189
14.561250686645508 -26.861760233450234
12.943767547607422 -20.209170286128813
17.069942474365234 -21.27651116070671
15.691239356994629 -24.492370772831833
12.469830513000488 -31.63552589857762
15.228055000305176 -22.054711005729594
14.3693265914917 -21.46518936588184
10.670031547546387 -18.007667024265263
13.45297622680664 -23.518713955630528
18.761842727661133 -20.923472404780984
11.950873374938965 -23.098077316115003
14.362431526184082 -22.925317955066948
