10.374618530273438 -26.9876607506817
14.221991539001465 -22.12687197930699
13.327543258666992 -25.709590991960376
13.475613594055176 -26.529252885215623
15.472639083862305 -21.05385331053334
16.736236572265625 -20.97087369594327
15.332454681396484 -18.947674874042704
12.262991905212402 -20.280931631853054
13.665249824523926 -26.652482099955385
14.955778121948242 -21.155233018254435
15.655028343200684 -26.683061413936183
12.979949951171875 -27.268662244767512
14.931028366088867 -23.015343613964454
14.205349922180176 -20.367921477254647
15.555498123168945 -20.5386588128719
13.50253963470459 -22.548193092831053
12.70763111114502 -23.454383908929646
14.582365036010742 -27.76059722815691
16.23750114440918 -23.259769372892038
18.155780792236328 -23.061438219673363
18.60270118713379 -25.856130845791977
10.667165756225586 -20.425003574342824
15.676854133605957 -25.78655738982385
18.260515213012695 -21.808435787596473
14.426504135131836 -21.229236204690686
14.262048721313477 -22.537845197516766
14.52507495880127 -23.049930640641545
14.778166770935059 -21.08870905530927
13.908159255981445 -21.742934066119716
17.770309448242188 -19.749725027381608
14.970841407775879 -21.501338745771243
14.806035041809082 -22.782756087261937
16.22581672668457 -27.643807902939294
14.897028923034668 -18.888379296586315
15.343637466430664 -25.09236712543568
11.916383743286133 -21.971827937862713
17.753990173339844 -23.238558567946843
11.48850154876709 -20.65636752452143
13.664159774780273 -22.015716949903887
13.491372108459473 -25.225506986098996
12.482650756835938 -25.58849650351126
12.43350601196289 -24.94022712174203
14.945658683776855 -24.78093847766675
14.113211631774902 -17.083699230315357
11.429619789123535 -32.12292925997838
9.689621925354004 -26.410113384694817
17.85993766784668 -18.1506986240962
15.834193229675293 -15.10308919623408
13.30191421508789 -18.34582477556552
18.70368003845215 -25.07958184894306
9.618535995483398 -23.860751951475706
16.757844924926758 -30.807591828613493
15.077234268188477 -19.339330486507006
15.48173999786377 -26.610106212189322
15.281898498535156 -21.251676909379384
14.044569969177246 -21.16016867613304
8.55213451385498 -26.886515154445593
15.07621955871582 -26.145586642922265
12.962979316711426 -18.734699055100123
16.465906143188477 -23.972512701954244
13.183174133300781 -20.45083129610366
14.139287948608398 -20.468157225648568
15.067440032958984 -22.164345441464267
16.294567108154297 -27.244667822353573
12.9867525100708 -24.05559312655851
11.547999382019043 -27.342186257224732
12.506300926208496 -25.87584233586763
12.931516647338867 -34.149433173579055
12.782632827758789 -22.196249198312948
13.753755569458008 -26.225261569817697
14.112761497497559 -19.2406523295296
14.679964065551758 -20.978379257660762
14.48530101776123 -22.846576646343358
10.877132415771484 -31.506661754289464
15.415016174316406 -23.116481573666324
16.004913330078125 -24.867431844963413
13.648675918579102 -22.883469557885917
14.682258605957031 -24.13997024828279
16.003040313720703 -22.712457498728057
15.971566200256348 -26.60496483440103
14.704593658447266 -23.865715689009466
12.239306449890137 -19.387200819072476
15.772669792175293 -22.720470740958824
12.747544288635254 -26.460661803155322
12.576117515563965 -28.61783658101401
13.904266357421875 -19.795573712620538
14.536880493164062 -20.579809375987956
16.687705993652344 -25.93349336811786
16.115009307861328 -24.554699644686533
13.018285751342773 -25.01203095057489
14.541250228881836 -20.4984186132494
15.723938941955566 -23.987941660072543
13.381986618041992 -21.63745047751286
17.765541076660156 -17.55352136016473
14.578051567077637 -22.34920435505053
14.309287071228027 -28.460079595849223
17.55002784729004 -20.537805606189025
16.827302932739258 -21.09986406371535
16.56888771057129 -21.07273114803693
15.616034507751465 -23.868324508723585
15.06624984741211 -26.853396283204525
13.897210121154785 -22.67782354145291
15.95960807800293 -19.3906191548976
14.425592422485352 -29.768212294184217
14.787400245666504 -24.68635382825342
15.55413818359375 -21.39515617583577
15.17936897277832 -21.918030611567797
14.882360458374023 -28.454395853301975
15.259407043457031 -19.763257787309588
12.9238920211792 -36.42911420063129
15.392975807189941 -20.994097690090527
12.315519332885742 -16.271603855881008
15.02910327911377 -18.97394363171002
13.416366577148438 -19.383308220230127
15.815544128417969 -22.994030925970083
13.639626502990723 -24.02083103710408
13.221307754516602 -22.53201391040041
13.230677604675293 -22.48167783164218
14.68247127532959 -27.70619161481303
17.033536911010742 -23.367121534438773
20.200977325439453 -27.635350983830424
13.412856101989746 -22.99501286758558
15.439584732055664 -20.896026873161162
15.764211654663086 -25.19002492505257
13.578655242919922 -23.90979546881607
16.064916610717773 -16.652900622046623
16.435853958129883 -20.562308644404858
16.2247314453125 -22.688691719557173
14.573636054992676 -20.595804523011413
8.345277786254883 -38.535992920377836
13.88337516784668 -23.336203904360104
15.400429725646973 -33.94424349109265
15.79543685913086 -21.73473976327059
15.210517883300781 -33.77998035279138
12.394957542419434 -25.640830274526795
14.081757545471191 -28.917391360713793
12.73489761352539 -22.058104445718314
13.733619689941406 -19.390360816520083
13.347208023071289 -20.859431651596495
15.545513153076172 -35.1508882037621
12.655413627624512 -22.124581252073767
13.322519302368164 -23.43139350457893
15.447957038879395 -19.434955115281397
13.619524955749512 -37.748686547659794
11.658073425292969 -22.88493200872007
13.639671325683594 -27.090536597790873
14.392889022827148 -32.60771885874452
15.296282768249512 -19.153412804081043
18.50126838684082 -19.621341982629087
15.07955551147461 -22.77956988069397
15.511043548583984 -27.64068500668388
16.44455337524414 -28.000953245834246
20.744964599609375 -22.045899838677453
10.897208213806152 -23.895812436545732
16.28730010986328 -18.021875148912244
15.248198509216309 -23.459031989178936
15.272953033447266 -18.258001816335735
13.895075798034668 -21.90042962326487
13.429708480834961 -25.543217739335134
12.247447967529297 -23.623555246149884
11.92535400390625 -24.211688544566204
13.091224670410156 -23.856218867719743
14.990325927734375 -19.02047523592783
12.705268859863281 -26.39690397334442
15.409463882446289 -19.78211061462526
15.41821002960205 -24.937476699805423
15.989702224731445 -26.802623420525173
16.450881958007812 -23.53653871212856
14.77007007598877 -19.172053983702746
11.918216705322266 -22.619074458203745
13.705891609191895 -25.53836095488669
15.639842987060547 -20.988953943495453
14.856185913085938 -28.639395772718924
17.620269775390625 -19.834931828512904
12.689101219177246 -25.968452353155044
12.731537818908691 -23.80984051240727
15.79343318939209 -19.917990345777415
22.14474105834961 -16.971894735829853
10.826550483703613 -22.32745742189111
13.704211235046387 -27.010899195195492
14.050695419311523 -26.045746775904725
17.306852340698242 -19.810073581002094
13.596626281738281 -26.846526092511024
18.654132843017578 -20.586181224797706
15.2398681640625 -20.81847346983946
15.294099807739258 -23.892781339416516
12.147814750671387 -25.92084097552353
15.052020072937012 -28.892479474882975
14.713041305541992 -30.117631698737075
17.400304794311523 -20.955133036359882
12.98788070678711 -24.162197333890337
15.690829277038574 -25.070495297238253
14.756576538085938 -36.52310061656068
15.089409828186035 -20.44944665303437
14.63355541229248 -25.06514588186655
12.41705322265625 -27.991772709358862
9.01693344116211 -24.674567978687357
11.694450378417969 -29.848832148076006
15.369882583618164 -21.197177214927976
12.737860679626465 -23.421637028786705
15.78885269165039 -28.805047232384297
12.289796829223633 -18.86220855747392
15.855934143066406 -19.083227777800687
14.269521713256836 -21.601048575917154
14.377819061279297 -23.507135366024986
12.557046890258789 -22.382447249279927
12.410530090332031 -26.03558808161722
17.76710319519043 -19.50463869639998
15.45099925994873 -19.403519166173936
13.821056365966797 -29.69254254204028
11.84202766418457 -23.475269739481973
12.335586547851562 -21.101249449759656
14.368428230285645 -21.68413804181479
17.528118133544922 -21.619740581729282
15.412936210632324 -25.06062635971334
12.604859352111816 -26.843211460689677
19.61236572265625 -19.639941283599374
15.614801406860352 -30.042544990548876
17.170495986938477 -26.41748013050301
12.429972648620605 -30.10507062071552
13.89167594909668 -19.313034108341633
17.41081428527832 -24.687872863366103
15.979132652282715 -23.48846363414999
15.043264389038086 -23.337899564583783
12.995011329650879 -22.220890106300363
13.888762474060059 -26.72044612623739
14.066139221191406 -26.484934425944058
12.439977645874023 -24.61957112685857
11.506905555725098 -23.61958994711076
18.175949096679688 -24.509688480033656
15.973517417907715 -18.554494817592023
14.47879695892334 -18.79279531885367
14.729155540466309 -22.8136123004734
12.180319786071777 -26.48391189910845
11.424666404724121 -25.352757031273523
12.54128646850586 -24.063712445841222
12.617273330688477 -22.79592160902834
15.977005958557129 -22.27744456654502
16.57782745361328 -33.066291185818244
14.221576690673828 -23.5097465608359
19.221107482910156 -25.188262109034696
13.78388786315918 -20.851447205693603
15.178515434265137 -20.219624839375548
11.323827743530273 -22.8491062150303
14.790939331054688 -22.630621686168315
15.06374740600586 -26.69914750370661
13.008217811584473 -21.28884619820002
15.071148872375488 -21.01673605396692
15.501741409301758 -20.92514022077784
12.291720390319824 -21.48971213364515
13.511584281921387 -20.545568629934152
16.00617790222168 -27.232639250227578
16.933109283447266 -21.179278219729266
17.160564422607422 -25.079232795786133
14.265809059143066 -28.13566505972875
13.14260196685791 -19.388027119673083
13.310755729675293 -24.783078750553443
15.368383407592773 -20.246340722190123
16.012939453125 -21.734221195929717
14.441302299499512 -24.470270612864134
16.643823623657227 -24.520240919342193
13.192269325256348 -20.1083837224818
11.931135177612305 -26.118105901172108
15.918264389038086 -35.608247983081654
13.643390655517578 -20.627400781976185
16.045154571533203 -22.31482984437802
13.8141508102417 -19.99989126190534
14.733789443969727 -20.23169772289387
13.505227088928223 -18.255780255286652
19.06417465209961 -24.844846418614907
13.358841896057129 -26.630698736205105
13.561052322387695 -22.429100118363294
17.37118148803711 -22.955055486102992
14.897208213806152 -22.98748448525716
13.192953109741211 -20.60327351532884
11.785052299499512 -23.86969378492809
17.273910522460938 -28.473492855658108
18.01748275756836 -24.122357280860648
11.909011840820312 -19.963132634009156
14.132718086242676 -21.213174166569253
15.759601593017578 -18.489465628756157
14.946159362792969 -25.93761634066493
14.653437614440918 -22.355339875446013
16.222272872924805 -25.084548057209375
17.754179000854492 -18.022683917238616
13.344252586364746 -21.021771035496265
11.676141738891602 -23.335610884813835
16.118085861206055 -24.117837028518135
18.825090408325195 -24.329478527285254
15.55534839630127 -19.731812086880215
12.660323143005371 -23.968177715504655
15.302265167236328 -27.67492652604753
15.994016647338867 -27.262734253793116
15.06481647491455 -19.211834889189912
11.75796127319336 -28.087658851020468
13.53234577178955 -21.297899225250806
17.645950317382812 -22.4838439234978
9.477144241333008 -25.246214851154644
11.749798774719238 -19.914641272118665
13.59017276763916 -24.26845703087699
15.432876586914062 -23.8747025689563
15.257670402526855 -20.94496597923127
19.22745132446289 -26.40345681934853
13.731993675231934 -33.74040284999241
14.382000923156738 -16.801015139787125
11.639801979064941 -25.40247750375554
13.596050262451172 -22.552426302719173
14.671880722045898 -21.407271005828417
14.796974182128906 -27.33442128698648
14.883975982666016 -20.404581423808608
14.579395294189453 -20.96107781206887
14.576436996459961 -23.968129444843562
14.49305534362793 -23.418168483669795
15.750323295593262 -28.321265461271864
13.565633773803711 -29.21424257436766
12.919136047363281 -20.599752257701127
10.352771759033203 -23.55888768613677
17.3499698638916 -24.910011114983178
15.53796100616455 -23.104608787164143
13.163213729858398 -25.302947207005257
12.99701976776123 -18.036541217261544
16.19115447998047 -17.551525327377604
15.254057884216309 -21.362076141967894
13.280386924743652 -28.585345195603033
12.768050193786621 -26.19975728678896
15.575606346130371 -18.544909449109593
15.53870677947998 -21.373443116848563
13.64370346069336 -22.92419263948031
15.369114875793457 -27.834539651541732
13.351814270019531 -24.42522776640905
15.820196151733398 -19.62403804222407
14.883973121643066 -17.57260456822716
13.38139820098877 -29.476356328401778
12.45117473602295 -22.96297122408611
14.386808395385742 -21.421191529652866
12.622507095336914 -20.60307900680558
17.3264217376709 -29.97455821725834
12.200774192810059 -23.855819810626155
14.92669677734375 -24.605486415860177
14.084839820861816 -18.01856522951099
13.377910614013672 -31.870044041160412
13.00506591796875 -20.16066767037443
16.51983070373535 -23.009123308348716
20.88059425354004 -20.69189030834601
15.496101379394531 -22.96141070821631
13.28923225402832 -28.51874280290329
14.042737007141113 -23.86822444360504
12.342110633850098 -24.7068296764894
12.50058650970459 -23.083946292795815
14.578764915466309 -28.24444330503543
15.127098083496094 -22.673908752630112
11.24951171875 -21.75173594344962
14.26913070678711 -17.927411450635066
14.004132270812988 -14.708627217565343
14.904439926147461 -18.74157818387057
12.890325546264648 -16.23427405118613
13.233022689819336 -26.566755764346343
15.600215911865234 -23.74799976523978
19.033620834350586 -21.84645191058396
15.786628723144531 -22.043358945120925
15.305802345275879 -22.276563903510027
12.79938793182373 -20.659489009875703
14.335440635681152 -21.74793267025899
14.289320945739746 -26.766727058836228
12.40754222869873 -22.21896629893576
13.42357063293457 -18.68869010054744
18.143892288208008 -22.615704997947596
16.142772674560547 -18.069711943576923
15.476977348327637 -19.147040555012207
13.02043342590332 -23.499149688846195
12.750934600830078 -22.73598765969411
15.108149528503418 -24.56244688276298
13.785611152648926 -40.32949458628583
15.669478416442871 -21.39563891983663
17.757404327392578 -33.13180683854697
12.551759719848633 -23.573782215055665
17.661296844482422 -20.902297601777605
11.924898147583008 -19.179257704499687
15.15134334564209 -21.880554002292925
15.638476371765137 -16.132115729503525
15.98378849029541 -21.79390130421959
14.15729808807373 -27.610676494609205
18.51941680908203 -24.800348114255424
14.175402641296387 -24.33493522174504
17.2332820892334 -21.759585539467373
13.803205490112305 -23.365128753424894
11.992012023925781 -21.09352866298248
15.447056770324707 -35.70406412149842
15.971901893615723 -38.9139729526121
13.426722526550293 -20.31927005561099
15.002302169799805 -18.55391320842659
14.337187767028809 -19.015356215010307
14.260798454284668 -22.94565388329086
14.3801908493042 -23.873234896422073
15.064955711364746 -18.217476183048387
12.176972389221191 -27.094260557150125
15.90201473236084 -25.105193997183868
10.663567543029785 -22.33223193371237
14.46291732788086 -19.48080692310618
16.886720657348633 -27.94240084626371
16.90900993347168 -16.688338676408094
13.041244506835938 -25.989263977209813
14.809157371520996 -21.901586589770794
14.459773063659668 -23.925247365251597
14.78573989868164 -20.03642937855603
13.911264419555664 -34.04071009014379
13.122379302978516 -23.531951740073588
13.821992874145508 -24.184899370059725
14.012604713439941 -23.70452279650341
15.972282409667969 -19.203459335853868
15.102555274963379 -32.81227563529422
15.193264961242676 -21.796453863031484
14.81061840057373 -18.933056823005643
13.652609825134277 -21.794656966135165
14.253395080566406 -19.96677234224829
12.515076637268066 -18.560212631015773
14.698185920715332 -19.631690733769233
16.696300506591797 -21.179612470986214
12.865046501159668 -23.842522304018924
11.483726501464844 -27.058307799712033
12.813493728637695 -21.345652583199364
14.50735092163086 -21.62000477676966
16.94232177734375 -20.764461194821955
13.978008270263672 -18.30106684500925
14.422492980957031 -32.453188135250905
13.219525337219238 -21.35243366422825
11.205606460571289 -30.682573473798893
15.45228385925293 -22.1270341156001
14.229639053344727 -20.04666648473872
10.784817695617676 -26.163741237459043
11.936769485473633 -28.567423288452837
13.021724700927734 -20.615775171547607
15.427035331726074 -20.618703817772662
16.805980682373047 -24.946230145633898
15.00452995300293 -20.917278120747003
20.438610076904297 -25.4372690179219
12.34461784362793 -23.90874524297897
17.495981216430664 -19.347142492324245
12.924345016479492 -26.67403378161034
17.858619689941406 -23.160103224315556
16.02003288269043 -20.134753019139563
16.9091739654541 -23.769040499726145
16.257553100585938 -27.739987465389305
12.727402687072754 -20.936628728477373
13.366388320922852 -22.588056096708517
16.6569881439209 -25.965792224881014
15.374944686889648 -20.74037373591973
15.970458030700684 -18.2358301749725
15.724283218383789 -19.398030599623656
15.411869049072266 -27.731777062671895
15.11948013305664 -16.595103822523594
12.775572776794434 -26.471530457242324
11.937432289123535 -26.294589607076485
15.999909400939941 -25.774049666159094
9.486141204833984 -37.16478773225294
17.110309600830078 -26.690512347250607
11.829834938049316 -22.0132040611367
11.594886779785156 -27.362284220895766
15.31995964050293 -26.066000495328183
16.52838134765625 -20.329646393401596
16.218219757080078 -22.514767810911014
15.891884803771973 -24.25564084548875
17.856483459472656 -23.052995899346655
14.054488182067871 -22.159170758967182
14.481541633605957 -26.454028479828985
16.15449333190918 -23.615038477084035
13.786722183227539 -20.352815214266442
13.378010749816895 -23.521357226401868
9.237979888916016 -21.674121408003085
15.477259635925293 -20.938850120006077
15.58968734741211 -29.236175472259546
17.0007266998291 -21.145537217614468
15.88305377960205 -22.202802729334152
14.120098114013672 -19.09847642710452
16.335296630859375 -20.42429532939854
14.166744232177734 -26.232241603764777
12.9765043258667 -22.730512566749212
14.469587326049805 -25.344529686267137
14.80072021484375 -22.252125567687017
13.924555778503418 -18.772086408957993
15.241719245910645 -21.046207591967264
13.912883758544922 -21.119630815846826
15.61611557006836 -22.768990217200127
10.778252601623535 -26.960843687517634
11.984953880310059 -20.455199752083924
11.486080169677734 -27.509343425781204
14.712382316589355 -19.463845980574682
13.211477279663086 -24.79020327737401
14.088447570800781 -25.752381629283345
14.886882781982422 -20.091665303826968
11.584823608398438 -24.244216531497194
15.24466323852539 -20.533820878800014
14.171737670898438 -27.708465825544973
16.392229080200195 -24.48424587478351
15.073177337646484 -23.952910085960458
11.781603813171387 -19.425376592277818
14.262199401855469 -25.771630989906097
12.98845100402832 -19.279282992914297
15.229703903198242 -22.75103574580054
14.572479248046875 -18.921908437338047
12.323366165161133 -20.966980734766352
15.934549331665039 -22.79095168912099
11.249529838562012 -42.90528502498402
15.220046997070312 -21.60763251004785
15.594646453857422 -19.81071793176655
18.015844345092773 -18.508378180285668
14.127646446228027 -26.391277608994784
16.08246421813965 -17.555674729141398
16.471284866333008 -26.586314501963276
13.989057540893555 -17.463397960133396
15.27167797088623 -22.0671337792973
15.449545860290527 -24.54871773545186
15.21924877166748 -24.22636619606622
14.149203300476074 -21.66060088195026
12.609628677368164 -24.833457571339913
16.26523208618164 -25.674530858222518
14.060266494750977 -22.936098113545484
18.387039184570312 -18.53109585000987
15.22424030303955 -30.722400130487905
14.267845153808594 -25.797441509148786
18.4371280670166 -19.99802770657351
16.087499618530273 -24.306388662021977
12.803319931030273 -23.39685140432987
13.194623947143555 -22.53761876479015
13.530519485473633 -21.289888030377362
15.198360443115234 -20.583191887006215
14.213809967041016 -25.929487970370133
12.853863716125488 -28.03198536446981
14.982122421264648 -15.973222863258787
12.840160369873047 -22.768218990853455
12.790735244750977 -21.659471032809364
17.653871536254883 -23.882045092739993
15.187919616699219 -15.129597662328944
15.425275802612305 -24.155172739410325
15.379149436950684 -19.905667878150687
13.479063987731934 -19.141413570644875
13.866852760314941 -21.836186787842728
15.76261043548584 -20.408526246731025
14.975960731506348 -23.458092450893385
16.589702606201172 -20.97942261487133
14.290949821472168 -21.569834681159893
11.267309188842773 -37.79178414677097
17.05544090270996 -17.119313753708436
14.819477081298828 -27.314272153595
13.358779907226562 -25.23760092571777
15.953664779663086 -24.706127439248498
14.88115119934082 -19.94412934711757
16.20978355407715 -25.888301486611237
14.513045310974121 -33.477221654184696
15.967310905456543 -22.04928760530309
14.760488510131836 -22.410128877890543
15.973525047302246 -21.15547247396629
13.183038711547852 -29.975641867868134
12.353262901306152 -19.34002618982791
13.627092361450195 -22.56637335629878
15.031108856201172 -21.61201120329922
15.945542335510254 -21.236685382973807
11.99044418334961 -22.72476098049743
12.57748794555664 -21.853459681530246
21.716567993164062 -12.681906298316907
15.950539588928223 -21.14138346464408
13.421380043029785 -21.736559231874846
13.892502784729004 -22.195476277903307
18.323556900024414 -18.680319469647575
16.58329200744629 -24.84694841824445
9.326337814331055 -21.290288011865492
15.693894386291504 -18.297445976847392
16.69309425354004 -22.57447374038467
12.886137008666992 -22.903119884050273
15.801301002502441 -23.872276267835574
15.642411231994629 -22.318372816968356
14.09839153289795 -19.369900229127204
13.038219451904297 -24.327152750922533
15.087785720825195 -29.66833773566084
14.861190795898438 -19.7841766207678
15.535917282104492 -25.908626597089306
17.21593475341797 -26.2020805936126
13.510656356811523 -19.027263816587045
14.567787170410156 -19.95854508149058
15.027704238891602 -19.185383257478524
14.617727279663086 -23.028929541540318
12.944583892822266 -32.64595701447908
16.659225463867188 -22.90903065099794
12.478632926940918 -20.384138087717776
12.859295845031738 -22.00130578930819
12.795211791992188 -20.249688073680634
15.684864044189453 -22.678858809134418
14.701127052307129 -18.205713008257586
17.690303802490234 -20.384622537051328
16.37261199951172 -20.433500475013037
12.035601615905762 -28.32497256425436
15.367425918579102 -22.88211226548996
18.650327682495117 -21.662861489504657
11.389052391052246 -23.89493721391715
16.005889892578125 -19.429274741488832
23.336288452148438 -19.31693994928517
11.568757057189941 -22.052664111568994
17.098474502563477 -16.774990065446886
15.780285835266113 -20.76232854778816
14.25957202911377 -23.95262319353324
13.324015617370605 -17.854367306773902
16.426395416259766 -21.12194152960616
15.57473373413086 -25.73623394601635
15.890588760375977 -31.32880840483525
15.318588256835938 -19.147450925119706
13.248753547668457 -21.515281736508836
13.051763534545898 -20.262165544303887
16.533222198486328 -24.435590251642736
14.068034172058105 -20.796421666070806
17.15963363647461 -20.03039218548634
17.080955505371094 -25.16715124759139
16.472309112548828 -18.556327430440305
17.02280616760254 -27.694711904470815
11.776510238647461 -22.325458996125832
12.992934226989746 -19.382270670157652
16.786659240722656 -18.135080817456537
13.763653755187988 -23.511273959645457
13.672919273376465 -28.420351604410858
13.854538917541504 -23.550533460813835
12.1529541015625 -25.071060285461606
14.375436782836914 -21.469451793330666
13.22490406036377 -27.07888122659415
14.9661226272583 -19.907661645066813
15.332489967346191 -22.586585316042825
12.926323890686035 -19.761764380868236
14.3880615234375 -24.121755575614756
14.41283893585205 -30.066261589439222
14.640398979187012 -28.824976377158933
12.903586387634277 -28.81487582389537
14.06160831451416 -22.835891646173188
12.172567367553711 -35.543536325844485
16.02471923828125 -24.29234920339753
11.826852798461914 -26.276224703900667
13.696764945983887 -27.697403306312832
15.982500076293945 -24.75309310734084
17.88785743713379 -25.60481040727754
10.867372512817383 -28.154107041193377
14.705788612365723 -25.64953428960461
14.015420913696289 -18.906106001106505
15.816473007202148 -18.54367967723676
16.80194664001465 -24.674761744347435
12.8046293258667 -24.70163357827714
13.303152084350586 -20.93875244110871
15.349748611450195 -22.42010388643626
13.869491577148438 -19.421500802113293
15.299882888793945 -28.149785014117157
11.678017616271973 -25.601400364925695
16.059831619262695 -25.208378242076854
15.064085960388184 -18.12100211650513
15.010649681091309 -26.614199870338478
15.312151908874512 -23.482703646318694
14.94001293182373 -20.96061637005195
14.078149795532227 -16.638484877898055
14.594181060791016 -22.26142072049021
15.38833236694336 -24.114038860420695
13.983366966247559 -24.402519568446163
14.989167213439941 -24.344554912228997
15.96868896484375 -22.83724300969
15.03603744506836 -24.41541014076788
16.131834030151367 -20.83310813701357
13.49295425415039 -19.18025916819998
13.873181343078613 -31.641260672400065
15.516940116882324 -22.77909669964274
14.532090187072754 -21.29828666558438
11.343857765197754 -30.33849966022583
16.1434383392334 -27.93820820378245
14.815008163452148 -18.859635259417306
21.95794105529785 -26.802654642764104
15.484506607055664 -16.045998019193327
10.994733810424805 -29.498089664146136
15.118855476379395 -19.321381968815235
14.220378875732422 -28.727728084146044
16.24790382385254 -18.781414747801925
15.491923332214355 -20.47223218202473
13.601696014404297 -21.09687594717384
14.482449531555176 -26.0345690857076
11.842906951904297 -21.94687983901668
13.962112426757812 -23.808491453711937
12.283631324768066 -24.793748536995736
14.095460891723633 -22.315683232097896
13.702519416809082 -20.67103756718005
16.05197525024414 -24.98096619849933
11.651884078979492 -23.970678916321155
11.003545761108398 -23.238616629877374
16.497419357299805 -20.36449177051913
16.018138885498047 -18.877379688677685
12.1322660446167 -20.142283144376737
11.062379837036133 -17.81935381005568
13.644466400146484 -25.10068632302462
12.268186569213867 -29.471663730113125
12.644287109375 -20.843048291499073
12.95911693572998 -23.492227090430166
13.8844575881958 -23.04995116256591
10.88106632232666 -34.37994154822706
14.900301933288574 -24.970189584655408
13.925673484802246 -23.89664942191473
12.571736335754395 -28.358393490303676
16.0116024017334 -23.73846565732033
15.613417625427246 -22.588071662793972
11.92012882232666 -20.886861622987276
17.119178771972656 -27.299634912525367
13.711008071899414 -28.28933066176085
16.634366989135742 -19.92393758201972
14.001954078674316 -29.744784293051396
13.654899597167969 -23.258909001999132
14.22287654876709 -22.918547591929286
15.022124290466309 -20.470043431914945
14.076871871948242 -26.740574563406796
14.968844413757324 -21.4113067394005
13.326082229614258 -26.798850805962793
16.827726364135742 -21.81535118259219
12.64394474029541 -22.386967370057064
14.05479907989502 -24.292989041633664
13.297969818115234 -20.545066205482446
15.33378791809082 -18.703865829252308
12.69871711730957 -27.4279374105651
16.88642692565918 -25.374315058713464
10.978805541992188 -30.798856380460528
15.808388710021973 -23.59173203855881
11.001646041870117 -27.962376993530683
13.628679275512695 -24.239479959305864
15.706389427185059 -19.01561715656462
14.085763931274414 -19.77514282976967
13.453957557678223 -19.89551976506975
16.299604415893555 -18.06025409062748
12.763216972351074 -21.916357473312445
16.958547592163086 -22.26156720209631
20.68461036682129 -28.402495444721687
13.198783874511719 -26.74997209279591
17.22412109375 -19.30168896912079
11.667478561401367 -24.737232640051225
14.582271575927734 -19.687006772111122
13.637433052062988 -18.797901919046993
15.93154525756836 -21.605465869402423
13.242692947387695 -22.75514760275942
14.287261962890625 -19.483632751139865
16.63149642944336 -21.959483261482234
12.481269836425781 -25.573099704555535
14.180295944213867 -25.670764810074544
15.105982780456543 -21.15257913057198
14.869682312011719 -20.474033018204274
15.876498222351074 -22.947580835968072
14.466475486755371 -27.669225403472673
15.246923446655273 -18.46978215645737
12.578200340270996 -23.392064884958305
18.155344009399414 -20.460838370549506
14.299235343933105 -20.529192375495324
16.98781967163086 -24.281809720235294
14.975594520568848 -18.29670450463118
19.614225387573242 -19.37096451093067
12.718249320983887 -27.797282946745774
12.773900985717773 -24.3859277084673
14.381156921386719 -19.228535050129736
12.12704849243164 -22.636225457970696
12.075981140136719 -24.727046194623206
15.159180641174316 -24.25476089080354
16.970394134521484 -19.69266987490487
16.40312385559082 -22.81662704384434
13.648125648498535 -23.95566929010848
14.259726524353027 -24.416307153368212
13.655113220214844 -26.12849200967617
13.53512954711914 -21.69433551306932
15.309964179992676 -21.78582826081105
13.762153625488281 -20.32244815435879
14.403841972351074 -22.787439567081734
13.783784866333008 -19.130217137417652
17.29891014099121 -20.306355919674267
17.596485137939453 -19.596580170086412
13.174097061157227 -31.893017119763293
15.084508895874023 -24.800170035134308
17.516437530517578 -20.764693423680697
16.63092803955078 -26.586568032956784
24.62411880493164 -17.443856536528664
14.561009407043457 -24.89689133483465
12.279269218444824 -20.377051249375295
12.563087463378906 -24.998870619757717
10.953145027160645 -19.38376267843958
12.52255916595459 -22.26757502053014
15.593082427978516 -28.266691565739485
15.255097389221191 -20.59303524475612
14.007569313049316 -25.611322981656507
13.220726013183594 -22.530955431482482
16.839542388916016 -17.834266232277198
11.580708503723145 -25.87999757038506
15.745837211608887 -28.48353672565304
11.553991317749023 -21.938855784284275
13.972926139831543 -25.24779289441223
14.428152084350586 -22.531274629957526
13.877421379089355 -18.666828356639716
16.976076126098633 -22.719585601898135
15.24149227142334 -23.356134636901636
14.597382545471191 -24.48045935692042
11.365796089172363 -21.328545604717245
13.436074256896973 -21.710347767095673
15.324803352355957 -25.096576417941954
13.467424392700195 -23.751637325490226
12.253055572509766 -20.672263821366133
13.593658447265625 -21.11961151241066
12.6317720413208 -26.88853027521309
12.562029838562012 -22.122410501050275
11.774115562438965 -27.192483349758426
13.334001541137695 -21.688490485760028
14.917673110961914 -21.129352202566434
12.018693923950195 -27.030979516476435
14.069482803344727 -18.709733036092583
12.10882568359375 -20.39017053705627
16.016719818115234 -20.501407794078386
14.442405700683594 -25.150290188788446
16.810617446899414 -18.90839061255947
9.335185050964355 -24.202564780582588
13.490751266479492 -27.23375631905079
11.189664840698242 -26.300871986087344
13.496932029724121 -24.70752013729274
14.28653335571289 -21.142598140567014
15.06225872039795 -23.936408498136235
15.594749450683594 -22.92919258456801
14.643657684326172 -21.447335976826434
12.302330017089844 -19.9691641372369
16.69821548461914 -22.603244575169814
13.932622909545898 -23.451332806356284
11.930280685424805 -21.112106771018027
18.133689880371094 -25.04815713220764
14.370500564575195 -19.267800153575337
9.323512077331543 -36.85207800506056
11.70378303527832 -25.416447359019234
12.765457153320312 -16.99123583963118
14.325002670288086 -29.891651517221632
15.756505012512207 -23.4105921066706
13.871047973632812 -25.473629078321313
16.563444137573242 -21.135382414875416
13.943001747131348 -20.26926194935701
14.762176513671875 -27.012708431021295
16.167835235595703 -23.70001110145633
14.69339370727539 -22.311999500217837
14.93001937866211 -21.350601911447967
15.945430755615234 -22.79253082133406
11.671391487121582 -21.87707173112602
15.519646644592285 -19.428914224446416
11.796238899230957 -23.641470444300115
11.402642250061035 -34.58817849938975
16.529062271118164 -25.74683546639892
13.213897705078125 -30.734145639887167
14.415597915649414 -20.527530687620057
9.795900344848633 -20.68805481046178
11.993041038513184 -22.663345595725037
11.385677337646484 -23.604696846475363
11.362078666687012 -29.587816491465432
14.697468757629395 -20.62207275051345
11.860709190368652 -28.10288520525726
13.653668403625488 -22.35981710332525
15.997231483459473 -25.94651729690371
13.123246192932129 -22.25172809766403
15.353951454162598 -22.692266021942064
11.966785430908203 -24.499465193604507
15.584773063659668 -25.89830220320235
13.808402061462402 -17.799910227514918
11.490489959716797 -28.053850734658084
13.229019165039062 -23.872137043877824
14.3170804977417 -24.21094199143986
12.653215408325195 -26.90007801704051
15.135702133178711 -20.396488433868413
12.919731140136719 -25.381568856215715
12.612667083740234 -30.96817119155873
15.003802299499512 -16.296064407784392
14.065659523010254 -23.586048992281565
13.046401977539062 -23.438786801424946
14.87741756439209 -17.156294143772264
13.492050170898438 -16.17404367485266
16.65922737121582 -21.400978550863815
14.42513370513916 -22.512859397755637
13.895194053649902 -21.383409632494043
14.062853813171387 -25.881259403547936
12.981825828552246 -26.643724998504915
15.041984558105469 -28.082033559686938
14.776446342468262 -22.77518887904748
15.48880672454834 -31.24908182792818
16.77483558654785 -21.75800682932033
15.883883476257324 -20.930173545675235
18.27621078491211 -22.050633014205296
10.545310974121094 -21.302617176072477
15.5973539352417 -20.229479824035543
14.471536636352539 -19.521414321314627
17.916765213012695 -19.863247539465572
12.397931098937988 -20.058657769780446
12.520223617553711 -23.189994848918968
15.380250930786133 -18.441203558426057
16.386566162109375 -21.27382856113817
14.857568740844727 -18.392416149782452
13.852514266967773 -20.03027813012938
14.205655097961426 -20.843374279425262
18.06389617919922 -21.226690425965657
16.13878059387207 -27.78250294483394
15.26793384552002 -22.61162308453972
12.59464168548584 -27.375219868969097
11.588403701782227 -18.87405920525294
15.047842025756836 -24.95287322843864
15.492953300476074 -21.411531035684526
15.251626014709473 -18.98916397905974
14.639495849609375 -22.44763182917962
13.40871524810791 -20.600766999988927
11.271832466125488 -21.507465114526873
16.639856338500977 -23.015467559104717
9.168493270874023 -29.161768518991167
15.177277565002441 -30.03510021784842
16.604724884033203 -25.340080307113205
19.72539710998535 -17.65821676277287
14.321292877197266 -21.713930046844585
12.476604461669922 -25.347176162838892
16.0945987701416 -26.883037581554966
15.73825454711914 -24.210031057094035
14.389830589294434 -27.752309527430423
