11.647355079650879 42.88885754002414
13.403053283691406 40.08825395342989
13.69057846069336 46.22490024811099
13.668334007263184 51.29285110558618
12.573434829711914 46.22580448517529
15.25265121459961 46.99680996965079
9.408296585083008 35.58100953941303
14.57386589050293 45.33258158067128
11.837930679321289 41.25310553219809
13.219209671020508 24.353117761737817
12.909976959228516 41.088235745845914
12.763166427612305 39.08727127029442
14.817068099975586 48.60051238382669
13.204422950744629 41.95793213388885
10.623682975769043 42.5377284248001
13.316609382629395 48.58585236790483
12.28557014465332 39.08900229086493
13.024169921875 45.85342817662566
11.59281063079834 34.321063752161464
12.209615707397461 46.341150849621485
12.224113464355469 52.87418783348285
11.410867691040039 48.10056838754681
11.21417236328125 38.89853007297278
12.321871757507324 47.36189054946368
12.39114761352539 40.873141508925414
12.76615047454834 30.799529300995488
12.68465518951416 34.757863559659974
10.902056694030762 47.59230296661426
11.556913375854492 43.322500451858204
13.02645492553711 36.84492317718825
13.510978698730469 43.82323987846611
14.138103485107422 41.32165710649858
13.426468849182129 46.10813435820094
13.114840507507324 44.65352783113764
10.595575332641602 43.54329848393282
13.822318077087402 41.875128036173315
11.636835098266602 34.057619060715226
13.852307319641113 37.87342972657807
11.664884567260742 46.77582341778122
13.697429656982422 36.73713392693543
16.1436824798584 46.92110013102556
10.62063980102539 45.80126717870583
11.74575138092041 47.82361018807683
12.016997337341309 41.65340032650476
11.231771469116211 44.14604594087478
11.65528678894043 45.931379892090455
10.462602615356445 37.548075625044774
10.455780982971191 43.495315205871655
12.556110382080078 42.2652024613876
14.393470764160156 46.20268484573281
11.473388671875 38.444891760658756
10.961236000061035 51.155947391252994
11.823084831237793 48.385386809660766
13.06985092163086 35.1161156720659
10.884926795959473 29.496659876271178
11.18894100189209 48.00795918116351
12.256874084472656 45.65860660625045
10.851455688476562 38.80971054348686
11.619482040405273 39.65494518870393
11.497925758361816 43.086952372057404
13.448760986328125 45.720633168705646
12.32055950164795 45.8474900663478
10.106795310974121 49.786760232352655
11.127581596374512 47.30002927955145
11.955228805541992 50.435611334111826
12.101165771484375 40.739316295196204
13.793664932250977 47.19093308822351
14.490195274353027 44.3908121783997
14.333683967590332 50.08155343612483
11.52083969116211 48.91218464150344
11.381083488464355 47.685898778544
13.419090270996094 36.2273247935938
12.519370079040527 43.970761084163485
14.14127254486084 41.93105516135632
11.32207202911377 47.78862653856646
10.14756965637207 47.86936353344953
11.057852745056152 43.98211990790403
12.233952522277832 50.068631936481445
13.348647117614746 41.53197943375734
12.577960968017578 38.49063134554425
13.992894172668457 43.94613801431429
12.147180557250977 45.992935830122406
12.019110679626465 48.24229698342099
12.057270050048828 48.38336670867342
15.470966339111328 40.94414762456951
14.676363945007324 41.51059645181789
10.833308219909668 46.280344974128234
10.768272399902344 38.637440878331674
12.87968635559082 44.49609214192638
14.289926528930664 49.6684206730111
13.138991355895996 46.9387972459537
12.800660133361816 43.7866080930143
14.056549072265625 47.43358317035391
14.393616676330566 51.9824739343346
10.908247947692871 39.97894563222326
11.433124542236328 46.81634735953037
13.239295959472656 46.17761139413401
13.788140296936035 50.41720439171793
12.64896011352539 47.71370345656654
11.189627647399902 50.94962671818694
