11.922178268432617 43.3462227111055
12.279606819152832 40.40403638416803
13.199259757995605 52.91922389325625
12.22821044921875 39.84855397088289
11.731122970581055 31.978570508694055
11.115840911865234 29.834601069078115
11.011687278747559 42.39100464705771
11.308959007263184 44.7501059794753
13.204779624938965 36.85665861511097
10.566047668457031 46.41809980183715
13.33213996887207 49.21993452158332
12.10446548461914 46.94528242504925
13.056936264038086 42.32460938233382
15.011987686157227 43.49387072030046
14.275300025939941 43.17876875615878
12.307811737060547 49.30802793270582
13.951929092407227 37.40923371170102
12.523839950561523 50.312947468647025
12.883706092834473 49.30864183714869
12.289511680603027 44.56525168037843
13.331151962280273 45.79235876913433
11.46882152557373 39.573469694611845
10.401577949523926 43.88700767624021
12.156535148620605 43.371031269061284
10.492182731628418 29.996475832674008
10.76791763305664 47.46305556419754
13.191473960876465 47.56375260221142
14.820168495178223 48.97458999660302
11.336052894592285 38.99901662538974
13.96214771270752 46.056544413167316
10.510514259338379 37.23453700837329
15.386299133300781 44.1236794840463
12.957830429077148 33.20602232419095
11.18028450012207 40.59932596195635
13.547391891479492 49.627937722427404
12.936224937438965 40.75414593541252
10.478372573852539 39.992149520837486
14.838858604431152 49.03498630111799
10.517449378967285 40.16375189436337
14.239553451538086 45.30064080211707
13.078807830810547 39.36272256289067
12.625478744506836 39.47202976089466
11.619367599487305 42.70928120955528
10.635598182678223 43.351131409101974
12.27717113494873 47.1190995171105
10.138251304626465 36.93301943583747
11.581396102905273 51.64571138226464
10.854727745056152 44.144276716021785
14.862732887268066 51.68465196766618
8.291037559509277 37.458595346987195
11.350427627563477 39.66948209970025
11.811380386352539 40.95926487139584
14.496091842651367 47.560475024432215
13.08488655090332 41.11952000246962
12.070131301879883 30.71617731311912
13.294551849365234 34.07253388478138
13.963128089904785 42.83385026874056
10.173855781555176 45.608260070523976
11.279867172241211 40.914471135755946
14.85136890411377 43.06933329389615
12.828469276428223 47.23712294493882
11.20241928100586 32.56386496691021
13.092307090759277 51.78845762210174
13.476844787597656 44.98421618914688
13.252179145812988 32.90684832294339
12.864706993103027 45.20527517681664
13.145256996154785 26.842569370209368
12.596990585327148 43.49916709499598
12.106645584106445 39.35568117325279
12.039925575256348 46.445737856023875
13.882584571838379 46.10858462539685
11.494946479797363 41.25068942115034
10.957609176635742 43.941719997135365
13.34896183013916 30.21881227707706
11.640335083007812 46.14272322002334
11.894588470458984 47.67935114469809
12.933704376220703 45.62066590274012
12.053193092346191 45.48884960827632
14.583664894104004 42.710034609909044
11.947184562683105 50.33989543372083
12.419553756713867 42.24347057894769
12.982466697692871 37.9409772054957
11.843860626220703 49.83710812401932
10.856904029846191 43.26289676663123
11.765530586242676 50.786903285008826
14.003768920898438 45.96050086676947
12.178964614868164 47.85320158164046
13.461423873901367 44.85977869385515
13.3499116897583 47.94635782819943
11.850902557373047 33.813281871290236
11.708680152893066 44.72029298298513
12.628402709960938 47.53117492930582
13.072992324829102 40.29554407611936
11.728519439697266 44.898085837005056
14.516407012939453 49.55042077985642
13.616141319274902 47.756359421144495
14.654644012451172 45.06135464045856
12.205840110778809 41.295675831260255
13.357231140136719 49.051403832961626
13.314956665039062 46.10118571539477
