12.09548569 -19.12954186
8.09972477 -8.951157032
11.4255352 -12.32566982
12.56411648 -48.20885494
9.712632179 -43.00078491
10.27280331 -34.17089772
6.196329117 -42.19679146
10.87349987 -12.72279926
11.52558517 -20.11384531
10.08850098 -13.86293467
11.22529507 -20.14790122
11.88303375 -29.53729629
3.541166782 -39.27173679
9.848742485 2.499038617
10.92957306 -48.83922137
11.47158623 -18.53395892
9.323734283 -10.13807129
9.095425606 -32.29509289
10.7975235 -7.817752971
8.847923279 -31.67571329
12.27412796 -27.08174329
3.395164013 -49.58691683
12.18489552 -11.78068318
8.582008362 -32.97893097
11.67662716 -7.332705185
11.81398964 -21.02857418
11.99735546 -27.77046078
10.83141422 -23.75312591
9.376046181 -25.0524979
11.55119705 -15.73115584
10.43671417 -23.00347423
8.829105377 -8.399228564
12.29988861 -11.70180226
8.596343994 -34.34571341
5.37217474 -27.68510638
9.762620926 -44.47840439
9.335691452 -39.5282542
11.57259464 -18.0554858
9.897772789 -37.36813993
11.19275856 -30.2431695
10.54594421 -20.96801237
11.78586197 -27.87485002
14.19300365 9.391837227
8.975246429 -41.02085497
7.106535912 -5.302145807
13.03833199 -12.17981568
12.52427959 -5.846156417
12.03721523 -29.69581877
13.29522896 -20.78216288
13.77137661 -20.8056723
12.6742239 7.059914921
9.989845276 -12.8191124
9.005888939 4.599189848
8.630283356 -24.66487531
12.70654106 -8.774309793
8.76511097 -20.20760529
10.30451107 -26.3071834
10.84574413 -23.44380683
13.07275105 -37.35413854
10.01541233 -0.027521773
7.909067631 -33.81485208
10.61547375 18.231736
13.06306553 -16.98241255
10.63577747 -34.02987294
11.16408062 -17.67255276
12.06625271 -11.47612454
12.72830772 -12.85513894
7.469629765 -11.9185472
13.2345686 -35.45943282
8.500879288 -18.44063266
11.29591751 -16.02200879
12.40755558 -35.44933001
12.55968475 -22.85991266
11.22904873 -5.652385298
7.58072567 -24.77633629
9.717906952 -27.63295118
11.26415443 6.730420136
11.72874928 -65.12204533
7.120940685 -27.02347976
6.552220345 -12.52517899
10.62382317 -18.22301556
7.67763567 -15.79015626
6.731638432 -33.77423968
12.12756443 -18.43037668
9.914087296 -11.81768367
9.899025917 -46.17890213
11.89616776 -18.94150707
12.73155689 -23.96519748
12.7536211 -6.295696858
9.769952774 -24.12466919
7.78473568 -23.67868643
11.14995575 -20.60250227
11.87746048 -25.36600946
12.04733753 -0.349227354
13.12179852 -23.98946382
10.36450005 -17.1533201
9.112744331 -30.43656377
13.33158779 -23.16272017
11.42693329 -30.86682014
10.72706795 -22.11685593
