15.606987953186035 -29.07121297356587
18.578275680541992 -18.343795655343996
14.777334213256836 -26.415844764629405
13.365742683410645 -20.27180785203287
14.660161972045898 -27.096789350451147
23.359460830688477 -22.557147846285645
12.126240730285645 -23.24462007811563
14.7127103805542 -35.98525853905346
13.77697467803955 -20.94064159568699
12.385799407958984 -31.21163047227413
16.225234985351562 -22.21574773754727
14.505850791931152 -39.56327289741669
12.101991653442383 -29.316135105550508
14.449698448181152 -22.629116920015406
16.16457176208496 -27.14508833831819
13.999566078186035 -20.240570379175228
10.68678092956543 -24.639067399620664
13.453039169311523 -31.801636350667927
16.306068420410156 -20.7686550000992
17.226524353027344 -22.933747405960855
11.960049629211426 -31.57731695363322
16.12060546875 -24.557665451566734
14.773041725158691 -24.65612417393968
13.440314292907715 -25.633730715894384
18.41598892211914 -23.68030208355905
15.966238975524902 -23.170318495815923
11.608774185180664 -25.141371761215602
12.328296661376953 -29.70067709080783
11.848367691040039 -20.892146871285682
13.752510070800781 -29.547972544571493
16.334001541137695 -24.812705866185667
15.635190963745117 -21.212818064360512
16.139911651611328 -19.932639681704643
12.279633522033691 -25.698826870708437
13.018239974975586 -19.757801381429136
15.853231430053711 -34.19940621905284
13.819720268249512 -24.802355705840185
14.665077209472656 -25.886824969491542
16.427841186523438 -24.418984719119372
13.219462394714355 -28.163506730603793
16.093395233154297 -27.356560975103612
10.781278610229492 -26.05542978537312
16.62959861755371 -21.666552122035203
14.715054512023926 -23.43500032314506
15.064688682556152 -22.254453264694224
12.040095329284668 -23.86225275975841
16.13642120361328 -19.7261651073674
14.532098770141602 -30.312421379137263
20.397747039794922 -25.37048673966997
16.358423233032227 -22.8970223562764
14.242780685424805 -23.821865865566256
15.606701850891113 -21.419896416201162
14.02453899383545 -23.95731830402146
15.009864807128906 -24.46264960832556
16.612878799438477 -24.799941589515473
14.716256141662598 -26.35676907617448
14.500181198120117 -25.488215007295288
12.334430694580078 -20.781553580093235
16.522157669067383 -28.04729701018142
12.454730033874512 -29.044491615639252
15.160452842712402 -25.497906433450396
14.18956184387207 -30.062779471432435
15.950844764709473 -26.016866351571778
11.461759567260742 -25.017845454140485
14.962676048278809 -27.87642318541829
9.990416526794434 -24.384376471078497
13.243345260620117 -25.04627569375117
17.988370895385742 -21.688809242351184
14.020624160766602 -29.734474327452467
19.08111572265625 -22.516670124257246
12.535343170166016 -24.950995047096143
15.778412818908691 -25.75485616714169
13.155107498168945 -18.545808566614177
14.659740447998047 -25.30323717340292
14.904969215393066 -27.56026375007657
10.886788368225098 -23.56543206312754
16.189828872680664 -26.900587437743724
13.553099632263184 -26.54770497220482
12.973241806030273 -26.372219879196443
15.438247680664062 -24.000129859133004
15.061797142028809 -22.187015097414218
11.011879920959473 -24.762063514718747
16.664804458618164 -25.936153266168773
14.992624282836914 -22.534210094983646
13.16762638092041 -30.701857287865277
14.981382369995117 -19.876874871404933
16.11977195739746 -24.204494176932002
13.536444664001465 -25.999245554681515
13.964604377746582 -22.383880446321633
10.35458755493164 -26.442193879064277
23.820188522338867 -21.466605701617368
11.64604377746582 -34.71953115202558
16.497055053710938 -26.765111354762027
14.966841697692871 -23.51558414603134
14.687094688415527 -24.614307654211622
14.341678619384766 -20.971686609185245
15.930269241333008 -25.22294993905829
18.340829849243164 -18.175561437572508
16.217012405395508 -22.701211303738972
14.101516723632812 -20.68786944812751
12.522886276245117 -25.826481612452426
