12.498852729797363 44.07409726012587
9.90641975402832 50.55780624834155
12.609353065490723 47.727248853013165
11.502761840820312 50.82934323098689
10.202370643615723 56.13314174265729
11.058927536010742 52.633806565605845
7.233656406402588 57.12425254001773
10.393121719360352 46.88315610214151
13.625174522399902 49.319252964674924
10.946975708007812 57.49024625554259
8.932607650756836 50.38921795644836
13.999300003051758 44.28889536907946
13.674606323242188 51.72914084493704
11.242613792419434 49.027578196551985
10.411051750183105 48.273416984353844
13.66076374053955 56.133996855963964
7.981855392456055 47.66256093275725
12.094523429870605 49.721478645599475
9.38158893585205 49.31231246370942
9.920210838317871 53.02602577698606
6.45711612701416 53.81430270731801
8.941815376281738 42.199147340952244
11.13650894165039 53.195513040909034
13.464895248413086 55.25283830833955
11.320829391479492 45.841451118059936
12.598783493041992 50.711996114276516
12.619195938110352 48.26006967313663
8.45421028137207 38.923028016590536
9.784491539001465 55.09168135437277
14.372651100158691 46.88065092640714
14.287041664123535 58.46709470187328
11.71791934967041 47.19898330020179
12.1436185836792 55.42369837593054
9.187973976135254 45.85285967005714
9.477907180786133 46.51613463079085
13.622678756713867 56.29958293760157
12.595788955688477 50.99051304213094
9.055001258850098 50.673459356462786
11.167281150817871 60.36394612440046
15.742622375488281 57.13419199932363
12.791197776794434 54.46622429536398
9.713617324829102 50.24734001025891
13.075879096984863 58.05197608636152
10.191034317016602 53.51444694597285
7.626224994659424 49.61318172970683
12.341540336608887 57.49474765582907
9.083043098449707 44.340902111210674
6.880666732788086 55.35783642058039
8.116561889648438 55.9400925137258
9.130936622619629 40.82663269457748
10.552769660949707 48.1512754447224
13.59554386138916 51.28962121578943
6.529591083526611 50.85933672260599
8.265992164611816 52.41221383904737
11.453394889831543 54.60124909095766
12.113198280334473 45.81152465701826
11.835622787475586 50.37489123717284
9.766623497009277 54.32822452296938
9.780414581298828 51.00756357740895
10.415426254272461 47.624028076037646
12.985273361206055 43.150650167040745
12.590913772583008 44.072420114283375
8.838125228881836 58.88860182571983
7.49055290222168 52.79226795598417
8.860111236572266 52.980103002200345
12.152469635009766 55.426280481237214
14.300756454467773 55.774668995879416
10.114420890808105 48.44592849117308
8.17124080657959 45.49687413053937
13.688199043273926 46.388214661912876
10.347482681274414 53.35552617778017
12.792343139648438 54.299489642294894
8.8925142288208 54.72046645314081
13.82075309753418 54.94872080468574
9.075758934020996 49.61703533045766
12.57412338256836 53.429236003645734
9.692203521728516 46.47378504930912
7.251153469085693 52.76278536779904
14.469886779785156 55.497175204572905
14.686166763305664 49.266869001361144
12.487054824829102 44.63253621631375
10.54585075378418 34.311560297633434
12.689010620117188 53.55116225280748
11.219164848327637 58.881514780356284
10.968452453613281 45.50684123458131
11.086709976196289 46.974210563461476
10.739102363586426 52.67041770260826
8.876622200012207 36.44945589914824
11.935311317443848 55.53936227252989
12.710808753967285 55.43004767832214
8.6671142578125 58.13552081867341
13.660562515258789 52.401223631858834
11.712377548217773 47.30490992306729
10.915828704833984 58.692652740818104
14.271472930908203 56.93744421321226
14.821929931640625 32.00280941147428
7.508495330810547 49.64745125694484
11.47307014465332 41.54683753855937
13.603395462036133 52.08676183815132
12.08682632446289 41.87648311860211
