15.14869499206543 -27.085462431025505
10.994412422180176 -34.09910166510649
13.430940628051758 -21.46979317440018
15.82192325592041 -24.62979298731884
23.049875259399414 -18.82663197914239
11.188423156738281 -24.74715324338846
10.878710746765137 -26.924060031936058
16.176952362060547 -30.095738057893325
20.409650802612305 -20.615632668527805
12.466646194458008 -39.05833004418745
15.507064819335938 -23.182287150387715
14.654146194458008 -23.486549567078203
14.449642181396484 -27.971240401495805
20.349502563476562 -20.791383268223257
15.877420425415039 -25.07761971955494
18.88669776916504 -19.08320502162707
16.131567001342773 -28.958319841895076
15.395023345947266 -26.449913864095965
12.048933982849121 -28.885891243432088
15.207427024841309 -23.793675492586434
12.932122230529785 -23.245510005520384
12.178765296936035 -29.85530204501179
16.67485809326172 -18.839171226690997
12.415735244750977 -24.545797936565904
13.582422256469727 -27.494152037680564
13.583134651184082 -26.682908175489022
15.200600624084473 -25.449286085765237
19.444860458374023 -19.558923049780724
14.879913330078125 -20.760816542991424
17.526500701904297 -23.228132346759303
14.654607772827148 -20.31027435535704
14.959463119506836 -22.744205014360634
17.584985733032227 -19.872411922226572
12.106027603149414 -20.579068956899334
16.577884674072266 -22.608824929972553
15.549200057983398 -21.385059839218535
17.191652297973633 -22.87327957191302
15.222620964050293 -20.574063248090688
14.826658248901367 -22.439207291380498
14.901139259338379 -20.718149429877318
12.630273818969727 -24.94828678221831
15.719308853149414 -29.855277451408504
20.998849868774414 -27.604429111803178
16.720558166503906 -25.640299890183023
15.13503646850586 -29.094832556188255
16.19570541381836 -23.291966440233434
12.384222030639648 -25.529232984171834
15.72506332397461 -23.026751650079344
12.063380241394043 -24.671821841418257
16.129638671875 -16.220362699246436
14.415088653564453 -22.665745324265764
15.30140209197998 -20.59989203510589
11.970535278320312 -22.43731920948201
21.675434112548828 -19.433096521488118
14.340394020080566 -19.837867424813645
15.991823196411133 -25.18535882961338
13.42396354675293 -23.632437439970214
17.92400360107422 -19.213632062925345
15.111982345581055 -22.342653004536196
20.708202362060547 -19.69554430143576
14.84000301361084 -20.967868181775966
14.210172653198242 -26.647571539658053
13.959894180297852 -22.90297022982835
16.08533477783203 -22.622433194130664
13.77786636352539 -24.655770407609925
14.78945255279541 -22.06723757658132
15.484272956848145 -23.31372377545497
16.193862915039062 -22.680096331000005
13.215197563171387 -25.94835730196001
14.885865211486816 -24.86209357690592
15.025364875793457 -23.92877666871307
11.405620574951172 -22.307848818770857
16.824251174926758 -24.795523326210244
14.087960243225098 -29.466555820596852
13.860843658447266 -24.43072535647611
18.599157333374023 -29.199199517460784
14.526895523071289 -21.806094420915645
11.361844062805176 -21.578668237142306
14.056621551513672 -34.78131650351684
14.43154525756836 -26.986087094635998
16.480876922607422 -26.393308096277398
12.484044075012207 -28.66324876278818
16.24747085571289 -21.285723715335376
15.576130867004395 -24.242939471176204
18.674543380737305 -20.12097356117209
12.566376686096191 -27.683731890084154
14.8267183303833 -26.39691198205843
11.987682342529297 -29.345513283951
15.103523254394531 -22.37787114347127
13.237984657287598 -29.408284420691437
16.454330444335938 -22.006439207692736
16.358366012573242 -24.944751129875694
13.75050163269043 -23.288257556588444
14.704996109008789 -28.527154731521797
13.32162094116211 -25.416832242398833
13.580906867980957 -21.984806319401063
15.192031860351562 -19.806173210410982
15.850601196289062 -27.198177744964205
14.823333740234375 -19.544118118564896
14.96091079711914 -21.293850988465802
17.40876007080078 -21.69207076418382
10.96742057800293 -26.089237543537003
12.671815872192383 -27.804208997236245
14.219724655151367 -24.968539540998254
11.56342601776123 -23.91973062359454
14.212098121643066 -19.23105848301383
16.644962310791016 -19.661253556384587
15.668656349182129 -22.05461831555691
14.639561653137207 -25.677118881086564
13.612932205200195 -28.87973708697377
10.701173782348633 -23.04206367161163
16.225370407104492 -19.337470634246003
15.759746551513672 -23.333364346889795
12.70254898071289 -31.126328795053844
15.093092918395996 -20.622865875629966
13.252545356750488 -24.978055133281046
16.469816207885742 -25.904150883435737
14.889236450195312 -23.854027270181128
14.118911743164062 -23.97418916287979
10.961162567138672 -24.13024137331298
14.125438690185547 -28.42904624352699
16.170368194580078 -24.009633898820347
14.125752449035645 -34.0994418286367
14.68532943725586 -24.243843754818627
13.427719116210938 -26.246573418378695
14.906847953796387 -23.330845125848118
18.9230899810791 -30.81832278846138
9.61769962310791 -22.80616980762525
15.461852073669434 -26.375168523527527
15.697179794311523 -23.361272969460863
9.286775588989258 -28.530101502013217
15.723662376403809 -26.4147452874802
15.121519088745117 -21.800821585349603
15.411080360412598 -23.152789538272657
16.563297271728516 -20.36635769087791
14.704793930053711 -24.04143967106534
17.8088436126709 -24.1921470999769
14.861741065979004 -22.73263244554682
14.045622825622559 -25.31709848299104
16.046533584594727 -27.538516147569233
16.415374755859375 -25.757041671976474
14.61872386932373 -24.454164500901125
13.998740196228027 -31.652809842640167
15.759804725646973 -23.658482524682007
23.85780906677246 -21.452555088213014
17.33123016357422 -26.955415275453845
15.161438941955566 -25.96327305789933
14.402754783630371 -21.556556756064357
13.69369888305664 -28.11587220629349
12.726570129394531 -25.070841966783952
12.014314651489258 -22.622316574675708
13.50100326538086 -20.370021375680867
13.757946968078613 -22.238127927492815
15.950323104858398 -17.70283011354487
15.906216621398926 -30.4989305210255
12.152176856994629 -22.132633851472008
16.56715965270996 -21.175506452567177
13.45756721496582 -24.993547289155735
14.070319175720215 -29.588144469681957
15.317268371582031 -28.79330790006918
14.184558868408203 -23.188336909514426
10.012600898742676 -24.546980178993856
16.132736206054688 -30.172296742788888
11.607593536376953 -26.454941520622814
14.199554443359375 -20.848627260492936
12.536359786987305 -18.933720257241813
16.66019058227539 -25.28556113718114
14.027207374572754 -29.02497219251366
17.057880401611328 -20.78237345731043
12.92918872833252 -27.94461583929828
19.923521041870117 -21.134961019015755
15.294713020324707 -22.188418283503683
17.002023696899414 -21.19114058091398
17.248960494995117 -23.543279307451602
12.508133888244629 -24.694017131837445
11.655738830566406 -26.540529898913277
14.857827186584473 -20.783118676426653
14.654687881469727 -24.978349756609127
14.01762580871582 -25.442155096022766
16.484893798828125 -25.96583561443437
13.784423828125 -29.822213434447605
15.819896697998047 -20.374889521958366
14.45860481262207 -23.378522893136257
13.605929374694824 -18.525547284810976
13.036524772644043 -29.313200787838092
14.339923858642578 -28.792956699076974
14.85525894165039 -26.82439633387468
13.1923246383667 -18.65213393184501
19.372726440429688 -20.887897175809744
13.068140983581543 -24.78422604391331
12.517658233642578 -24.306954721375387
15.567845344543457 -19.780248875197373
15.805521965026855 -22.20083512974701
13.71501350402832 -28.99923752262267
14.9910888671875 -21.058747272762517
14.719775199890137 -23.191256829425157
14.879701614379883 -24.418287632361608
14.853056907653809 -32.67594847413561
15.769089698791504 -23.28999496922111
14.203597068786621 -25.866519383765805
10.518288612365723 -21.834641002988548
12.601048469543457 -26.663802835305454
13.580362319946289 -23.993983834071877
17.07256507873535 -19.497208930666645
11.061678886413574 -22.608158431878795
12.716095924377441 -24.035814185306553
11.803845405578613 -27.389822199955795
15.699007987976074 -24.405236725949294
17.4606876373291 -22.316722288882854
14.227324485778809 -22.619520282606576
14.302835464477539 -28.456025675068865
14.827593803405762 -21.866827343110508
16.08516502380371 -22.787668752463087
13.864618301391602 -30.66763123745318
12.206338882446289 -24.237070525218158
15.604849815368652 -25.89238100363867
16.141502380371094 -25.977148088106972
15.930388450622559 -21.64416910680424
14.921103477478027 -20.749802251288234
16.25893783569336 -21.92402596391714
16.045400619506836 -22.723414295818948
13.246529579162598 -28.04544279981757
12.93049144744873 -25.276729482880434
16.140548706054688 -23.01090782791528
16.498489379882812 -22.95709630127291
14.716534614562988 -27.458261404685544
14.893467903137207 -23.08515129044738
14.296781539916992 -21.40252906983264
15.876896858215332 -24.81851306819039
18.79185676574707 -24.928410843720776
11.089024543762207 -23.576810659613027
13.646424293518066 -28.315661378587706
17.344587326049805 -21.383331647957124
15.841937065124512 -20.318593227561628
14.530078887939453 -23.706598996185797
16.267621994018555 -24.960297303697104
14.638785362243652 -19.66213767968153
12.369911193847656 -27.638463380224884
14.366232872009277 -18.158829596233325
11.914076805114746 -21.313157508813987
15.068277359008789 -21.982685861937313
16.12679672241211 -26.33626710792537
12.744298934936523 -31.826047400010864
11.420787811279297 -26.75897062663178
14.969215393066406 -27.437553029315506
15.64356517791748 -25.181929788897577
16.39632225036621 -25.61841028143634
13.327342987060547 -22.158353780442788
19.052766799926758 -21.179828708833575
13.55101203918457 -24.804627852319484
22.047698974609375 -22.444143474426358
13.986772537231445 -18.495285767997785
16.313447952270508 -19.44477766410535
15.586581230163574 -22.390706993939393
13.960686683654785 -31.18364819033952
11.246984481811523 -31.559601531273003
16.086048126220703 -25.113017705464166
17.13548469543457 -24.621395142909837
14.473214149475098 -23.10058468595032
15.638887405395508 -23.45259399315419
17.07964324951172 -22.78915511625859
12.229938507080078 -28.69357454141445
17.930347442626953 -23.729782039753637
12.112716674804688 -21.844031557500507
15.158834457397461 -21.08910813561389
13.283123016357422 -25.500014883109806
11.642067909240723 -23.303109738687326
15.17452621459961 -23.428113703186934
15.595015525817871 -23.345836618906826
17.212783813476562 -26.82350958808157
12.49462604522705 -21.970257279111287
15.558761596679688 -23.092627012727
14.66447925567627 -23.21463697263117
17.7247314453125 -27.480107963307617
13.617273330688477 -22.945492468471883
12.558874130249023 -18.928748301549223
14.500075340270996 -21.34221172061127
13.583084106445312 -18.734290233901593
14.089753150939941 -23.458908420665963
14.030782699584961 -18.927897408115484
16.398435592651367 -35.0923638271474
15.159052848815918 -22.160956230135284
15.63500690460205 -20.414031735959018
12.291586875915527 -24.079369068278844
15.93783187866211 -22.9034621457509
13.633709907531738 -26.288909534529353
12.926023483276367 -23.169978407373286
16.56276512145996 -21.587601297410018
12.538458824157715 -20.904253503525478
13.88321590423584 -23.474734144124028
16.99198341369629 -21.05634506019546
13.716805458068848 -24.249722205271897
15.036683082580566 -24.911133592658025
15.076089859008789 -21.943251746633727
14.112061500549316 -25.76254964104825
17.538837432861328 -19.723580456113332
13.893627166748047 -28.496463411918207
12.714492797851562 -22.697953928923937
13.602970123291016 -34.01647517574824
13.662647247314453 -29.989285324649558
13.90825366973877 -23.753152287850607
14.84365177154541 -26.255876145182867
13.425670623779297 -26.217449439142726
12.561311721801758 -20.520572988961746
17.16134262084961 -24.033986254060455
13.570821762084961 -24.25410167801838
15.521740913391113 -24.606747909136743
16.502243041992188 -21.77409114353113
13.586899757385254 -24.5405259210524
12.611186027526855 -25.745603140853156
13.48486042022705 -24.037709918547268
12.659783363342285 -21.008144515890088
13.286760330200195 -26.513429110040725
14.805840492248535 -25.22624298844225
13.08962345123291 -23.51919044952365
16.1702938079834 -26.28091250986774
14.996740341186523 -19.76375396801033
15.661158561706543 -22.07465901964772
15.474740982055664 -23.460605253406737
13.223220825195312 -23.281072608605193
14.440200805664062 -19.604164790452025
14.625720024108887 -21.11589058449086
10.81091594696045 -23.573920975821935
14.074965476989746 -23.545439335085163
16.237037658691406 -26.790601107660436
11.923251152038574 -20.150523382236713
18.572296142578125 -20.612331823536596
15.57974624633789 -20.613848506684658
15.246423721313477 -25.360650707655488
12.4387788772583 -24.856904564199716
13.396924018859863 -28.665240990904863
16.123708724975586 -22.84825905915713
11.60460090637207 -30.891186288498496
13.44178295135498 -20.636097616851405
14.577507019042969 -22.543222726543966
20.664426803588867 -21.305216712056406
12.47307014465332 -23.148209831479925
15.171710014343262 -17.961742967514184
13.786605834960938 -23.223367378337592
17.16107177734375 -21.450529194992498
14.545112609863281 -21.210719033195346
15.832608222961426 -16.385908216548394
14.139315605163574 -20.300745863862133
17.533767700195312 -18.446887119969418
12.822813987731934 -18.391242835839055
14.404024124145508 -27.481679552865913
13.406612396240234 -23.49135380543051
12.791650772094727 -24.758407388487722
16.181650161743164 -22.542946548892242
15.741351127624512 -23.95329051288492
12.778223991394043 -23.678201353122876
16.358354568481445 -22.102934587929568
15.842529296875 -21.005530837332728
14.47046947479248 -21.937861377753013
12.864283561706543 -19.16298128939754
13.495492935180664 -21.61301059961299
14.703472137451172 -20.54399463559562
14.403969764709473 -29.280703580763216
15.34225845336914 -27.983053847224078
14.423372268676758 -22.760612307963907
12.534120559692383 -23.02568792393345
12.432516098022461 -27.196006192836307
16.247758865356445 -23.198919480726417
10.884636878967285 -30.016524744366066
12.382610321044922 -29.06906124071666
12.1104154586792 -22.104509858493785
14.715264320373535 -24.060832238327073
12.867950439453125 -26.601557098629865
12.646565437316895 -27.286974755083342
11.45969009399414 -30.882595147654854
16.30034828186035 -21.309949253056278
14.058327674865723 -20.280957218446332
14.837494850158691 -25.972461761378355
12.632219314575195 -25.387927472677937
14.722962379455566 -22.755987407669636
14.890880584716797 -18.525007759904113
14.922204971313477 -22.776765410422843
11.782748222351074 -19.237652774933306
12.343546867370605 -24.78735212721576
13.161458015441895 -25.725615729497022
21.968814849853516 -22.674943896191685
12.381420135498047 -29.889787754683013
14.543943405151367 -18.564398272798222
15.233983039855957 -22.999583942714874
15.045957565307617 -22.994246190725477
10.613811492919922 -30.304904463083886
12.690789222717285 -28.212121254551306
14.579200744628906 -20.93744957700284
13.7766752243042 -25.95452333418121
14.912240028381348 -25.46096927459851
15.005722045898438 -31.074683289989274
13.08056354522705 -26.988778492848258
13.411669731140137 -20.64584168751623
13.608585357666016 -28.959048677017716
13.395795822143555 -23.318791341785676
14.874346733093262 -31.722518234551156
12.632030487060547 -30.134555068879983
19.746858596801758 -19.631780731739642
14.621064186096191 -22.206450185395042
15.945271492004395 -20.921409036906553
12.499587059020996 -23.841935297608526
13.98598575592041 -25.743406993844893
13.22602367401123 -17.78157269197537
14.856718063354492 -18.236031153903845
13.84430980682373 -27.42969538961775
15.854779243469238 -20.154889085026756
18.671682357788086 -19.976080633670822
14.720017433166504 -30.86029607125636
15.249070167541504 -19.321258522416116
14.343594551086426 -27.296683402081193
19.751127243041992 -24.26329413758217
14.71727180480957 -22.825558473140973
13.201359748840332 -23.25586596828122
16.225217819213867 -22.911456133346874
12.481363296508789 -20.687151246844934
15.985308647155762 -28.28302542444913
14.107626914978027 -31.064880912939543
14.918719291687012 -30.272076977847952
16.593299865722656 -21.676090588827808
15.3469820022583 -26.318217990090318
16.805479049682617 -20.691432260302904
16.41653823852539 -27.94133051508856
14.827712059020996 -32.26318195485779
18.108915328979492 -20.659915228989654
12.278286933898926 -27.637143286793588
14.724710464477539 -28.605842036491843
11.922469139099121 -23.676476040759876
13.1290922164917 -32.018050872651294
14.296241760253906 -23.32204621596911
13.139520645141602 -24.625104958343705
17.970823287963867 -17.447361573151024
16.33284568786621 -23.149927054243292
12.492072105407715 -25.11816455593192
13.371005058288574 -21.57963090749541
15.624366760253906 -25.462706721472784
12.488994598388672 -20.367851009644752
15.656770706176758 -29.564058012699952
15.330016136169434 -19.79299392926238
12.450654029846191 -22.591788082724047
13.914007186889648 -23.602618091972502
12.592876434326172 -24.888352238055738
11.063665390014648 -22.2033576526889
17.499773025512695 -18.28773473085309
13.827384948730469 -28.75130731915952
14.620030403137207 -22.89169023752461
12.930476188659668 -22.255411606932466
16.745601654052734 -24.201508804834916
12.388566970825195 -24.24955381208021
16.68792724609375 -22.028205964300632
12.132991790771484 -33.38299410184496
12.728455543518066 -28.395027394180232
13.712871551513672 -22.70198314910216
14.40550708770752 -20.865205586596602
14.919759750366211 -20.499318045401207
14.635750770568848 -20.695412619877533
13.579496383666992 -28.44802791709882
12.780657768249512 -27.73532705550557
14.447735786437988 -18.931016723832983
14.304757118225098 -20.480075911154046
12.801767349243164 -25.286747762707016
16.192445755004883 -22.20358346220235
11.783343315124512 -22.369038923727956
16.273937225341797 -27.699887577341602
14.635140419006348 -23.20595000618441
18.36688995361328 -20.725916686767462
16.423479080200195 -25.07875532301471
12.26956844329834 -21.647996387970554
15.050870895385742 -26.952524327293553
13.196818351745605 -23.789424907092503
15.917202949523926 -22.150203554552768
14.674412727355957 -23.774208616243882
14.01697063446045 -31.15037027604503
14.324644088745117 -23.608193425730484
18.463645935058594 -25.488207201643206
14.173136711120605 -22.41568195063151
12.518989562988281 -20.64684464797539
14.070552825927734 -22.662827382528963
14.166181564331055 -25.14585277450807
16.81186866760254 -20.950159760135467
13.763901710510254 -23.677683737557487
14.153749465942383 -28.673756930123794
15.261429786682129 -23.89344674428051
17.737722396850586 -25.06868152608104
14.884088516235352 -30.23945714744967
14.409598350524902 -29.521004412808587
18.121868133544922 -24.830327258995755
15.189910888671875 -23.515583724768703
11.965996742248535 -23.23034206308198
14.224164962768555 -22.12304059039561
16.388710021972656 -25.341258376703585
13.21707820892334 -25.019945318898486
13.571486473083496 -26.06795897017707
14.235268592834473 -22.413426007484546
20.65618896484375 -23.641435977786767
13.586248397827148 -24.437888466772208
16.15363311767578 -27.356629723584902
20.222204208374023 -21.68175480108122
16.859848022460938 -24.912995906397683
14.414992332458496 -23.35623756444411
23.691242218017578 -18.02838152400587
15.004924774169922 -23.32039058913668
17.32036018371582 -41.91480007538238
14.920038223266602 -31.615101813267856
12.265570640563965 -30.60758886514966
14.207845687866211 -22.063622655704275
16.653684616088867 -21.039031605738682
12.031744956970215 -39.326483505396325
17.686573028564453 -22.26083476223698
12.590445518493652 -25.918561834023816
13.438249588012695 -19.94769417058896
13.957620620727539 -21.102454495230457
14.157672882080078 -19.129753123288932
13.503893852233887 -24.402318044483817
13.474126815795898 -29.64239682652648
16.32866096496582 -18.28709008080059
13.370245933532715 -25.01143751504878
13.17692756652832 -24.918220942239678
13.717944145202637 -22.4009063061586
12.658156394958496 -25.96499630174747
13.634662628173828 -23.373884316703766
14.398881912231445 -30.967718437585376
16.384933471679688 -21.123848616512408
15.103679656982422 -26.963110476951343
15.012218475341797 -26.956742348311515
12.10523509979248 -21.177581764281758
14.441082000732422 -23.35606820416611
14.488588333129883 -24.527067681281494
10.500436782836914 -24.69840902656953
12.853601455688477 -24.010805183889254
16.472698211669922 -28.85436381845828
13.771709442138672 -29.155874877126607
13.76583194732666 -27.48933942202136
16.479780197143555 -26.25905940192243
12.629095077514648 -24.602914587073016
14.230521202087402 -22.139336195767708
14.9133882522583 -26.910459293783425
13.995466232299805 -22.403734079165794
15.939379692077637 -21.203564261524008
14.929632186889648 -25.425197271697456
12.963473320007324 -29.51708443912313
13.815022468566895 -23.49091786481231
12.739479064941406 -27.983432357715323
11.923783302307129 -31.622528530527624
14.45541000366211 -21.729642352551306
13.492278099060059 -22.94584633879844
16.245370864868164 -17.721615898835626
14.935898780822754 -18.90141875745031
14.426812171936035 -30.526719869301086
14.842101097106934 -20.640854628205304
14.0777006149292 -21.979269151284914
13.476422309875488 -33.04792889499626
12.15139389038086 -22.528749800656637
16.565868377685547 -25.21453835853322
14.015976905822754 -22.24486755296781
15.921490669250488 -24.050256263610187
13.97715950012207 -26.883688612804786
15.770804405212402 -21.848807959612035
16.37969207763672 -27.602490596000795
16.25428581237793 -21.983748982503204
17.343090057373047 -35.16224841030157
14.714630126953125 -21.873886981497435
15.56139087677002 -19.888113849959808
12.749731063842773 -21.23341449305657
15.211380004882812 -30.758475715135056
12.511528968811035 -28.796606683123592
15.308424949645996 -17.98988468776587
14.758639335632324 -24.561655105886803
12.376980781555176 -22.472410398490208
16.100297927856445 -23.90012221366518
15.774483680725098 -27.838158436895597
13.394989013671875 -20.821660094070175
15.403377532958984 -24.427269287198556
16.05181884765625 -25.134308606885806
21.396501541137695 -18.34070728400187
14.895914077758789 -22.95943991439677
16.40761947631836 -37.22158411742789
13.127287864685059 -29.259313923758178
15.183151245117188 -27.56395878159228
20.484081268310547 -24.092705969549378
12.904632568359375 -22.821035965130413
13.719095230102539 -24.485032576481792
14.52346420288086 -24.528197844820458
11.66717529296875 -23.5691602094177
15.615364074707031 -19.6492925662769
14.99479866027832 -22.807184909060762
13.435052871704102 -22.494751023118408
19.89884376525879 -19.65389182118544
12.543097496032715 -27.94036305030901
18.239957809448242 -18.61241661945138
13.035088539123535 -21.397001372048965
12.105945587158203 -27.338869052563105
12.004961967468262 -23.526675429721433
14.327263832092285 -22.298108089968554
15.180503845214844 -21.15625484460464
13.32646369934082 -29.605536197572704
13.47070026397705 -19.925860502317025
24.01058578491211 -19.150371973122667
12.915650367736816 -24.588823728453598
16.235620498657227 -22.97228909389296
13.097933769226074 -21.248301963975475
13.4541015625 -23.262236084893384
14.876424789428711 -21.937482263641435
14.934417724609375 -22.897521359609005
13.383413314819336 -28.627806110095413
15.771052360534668 -30.40738055116931
16.87224006652832 -20.60207545803082
11.902238845825195 -42.73931927961103
15.523735046386719 -25.809091815336544
17.56766128540039 -16.999277747213323
12.23410415649414 -22.386126391276523
15.027558326721191 -22.8870323676955
11.709367752075195 -24.978725813864315
13.876029968261719 -27.17209760087676
12.890745162963867 -24.42596271838628
16.662099838256836 -25.740448272555554
18.091785430908203 -23.80344644911837
12.08707046508789 -31.76917235425757
11.536290168762207 -36.06362338047823
11.939677238464355 -22.506713593371682
12.115684509277344 -20.495657759479123
16.383407592773438 -22.836055975032554
15.331945419311523 -22.079336955719974
12.19375991821289 -22.431083364842593
15.108145713806152 -22.32413482359064
12.863389015197754 -27.02342864282383
13.767467498779297 -26.141128766880147
16.80047607421875 -29.993447853409542
10.534379959106445 -28.71057733750814
16.765600204467773 -20.977578093996655
14.331527709960938 -22.30104024903866
20.39858627319336 -26.657850119877367
13.140164375305176 -27.246874936384195
17.11394691467285 -22.909271022856228
15.133137702941895 -29.309645743904106
13.706350326538086 -26.24780588572426
19.41881561279297 -21.62838640459151
14.709226608276367 -23.399850295713357
15.331500053405762 -26.764441092543805
11.722219467163086 -19.91474871387188
14.333355903625488 -23.505458368576605
17.19483184814453 -23.437771563814685
16.285125732421875 -24.867723257270654
16.968847274780273 -24.829807257000198
14.561424255371094 -23.344723549337864
12.04922103881836 -30.09367757160988
11.477551460266113 -23.55701265114435
16.01934242248535 -24.692201687167348
17.57020378112793 -35.689844754954976
16.882394790649414 -28.59965374134869
11.294285774230957 -23.574836844102826
14.128806114196777 -30.96300262670526
15.665273666381836 -21.13788136030595
12.40030574798584 -24.491333412043616
14.0642728805542 -24.946192680864144
11.902482986450195 -22.363794675487625
15.966486930847168 -24.244719649433364
14.724492073059082 -25.700593974556128
12.352651596069336 -17.83710801954758
14.484223365783691 -24.37728337623409
16.296415328979492 -18.399099544330355
17.580656051635742 -22.453808690736466
12.782390594482422 -27.5018067187017
17.66633415222168 -23.562833779279778
15.528109550476074 -28.8462179479298
15.39120864868164 -29.20252838340294
16.44754409790039 -26.792095406793074
13.521581649780273 -18.947615973906437
14.936090469360352 -23.841525477892212
14.115885734558105 -27.447105170619977
15.3011474609375 -27.291540230439512
16.1531925201416 -22.855654234028783
16.460615158081055 -25.04889302003672
15.966723442077637 -24.275221916382424
11.670747756958008 -26.324738455214913
13.407805442810059 -18.29258935119909
14.07298469543457 -28.4984965175422
13.57143497467041 -26.198846500945002
17.11857032775879 -24.69699645231178
18.075008392333984 -27.29571589339603
12.665053367614746 -22.54113750745088
13.598007202148438 -23.696289582409996
14.041519165039062 -31.9944229097042
13.862813949584961 -25.605596958290526
19.381553649902344 -19.115455733558896
15.732362747192383 -23.54709185641522
12.494638442993164 -33.2637686956122
11.146461486816406 -22.747301692512334
15.835883140563965 -24.01654266381714
15.434028625488281 -25.284184829711403
13.324783325195312 -22.933958557329547
19.715770721435547 -22.502700640931202
16.000934600830078 -28.115700774671396
13.993193626403809 -28.385062517139204
14.586514472961426 -22.919345821538453
15.51855754852295 -18.48009013753695
15.331820487976074 -25.581289148597683
14.864568710327148 -25.374084438981683
15.341042518615723 -26.7534526986813
10.665175437927246 -20.908442328324686
15.961512565612793 -21.141663054680073
14.91811466217041 -25.959427578967343
12.502947807312012 -26.751949134693184
18.247957229614258 -27.34988044591519
15.473941802978516 -31.216793647449496
13.824216842651367 -26.33012181350654
15.579916954040527 -23.477382839791954
17.280643463134766 -23.429924544351977
15.846174240112305 -22.172103863904866
16.461811065673828 -31.33459391595445
13.502020835876465 -30.31178064385623
13.533851623535156 -30.020442765914822
16.01814079284668 -23.111087879932686
13.404351234436035 -27.249780532597313
18.95751190185547 -21.958622323842707
14.6678466796875 -23.008597247214837
15.319992065429688 -20.423971905060867
17.37451171875 -22.231483059201214
16.193614959716797 -22.27663501565952
12.146278381347656 -22.44591465636581
15.004480361938477 -25.931353110790795
14.313726425170898 -22.995441378245566
15.225160598754883 -24.411264135717364
14.366273880004883 -32.91065512657997
15.139087677001953 -25.512695425428518
17.25298309326172 -32.75167025252696
15.610482215881348 -31.16377162274734
15.870295524597168 -26.212391818768204
17.28372573852539 -18.480084331803436
17.479555130004883 -23.628616479324528
18.32814598083496 -28.53729244715236
11.748617172241211 -23.214177086476806
15.555302619934082 -21.519154923496604
16.611169815063477 -23.54877438902661
20.850791931152344 -20.71007874249661
13.928561210632324 -25.0809044122223
19.02625846862793 -23.15990561473067
16.592329025268555 -22.691731845650956
16.60685920715332 -24.100231872209672
12.513473510742188 -21.3832522471032
13.160087585449219 -26.79956943361566
13.61939525604248 -25.655672703744997
13.722550392150879 -32.01267495126849
16.933847427368164 -25.514108703756698
16.36725616455078 -21.601768745671347
13.649190902709961 -32.982198325336654
15.152244567871094 -20.539159337110874
14.841032028198242 -21.736674182211345
14.304173469543457 -21.12647028143057
15.531755447387695 -25.621167893535173
13.37016773223877 -25.120087351675082
14.249340057373047 -22.55300526913566
11.14468765258789 -24.957151753121067
16.672283172607422 -21.959600479962514
14.440262794494629 -24.133528189821195
16.140335083007812 -25.108461123970265
15.473390579223633 -23.942072060576706
15.993795394897461 -20.945281152205965
13.964923858642578 -23.888853888430287
17.579856872558594 -23.710909676305473
14.762022972106934 -18.170862809992343
14.301305770874023 -25.34009311263982
14.077290534973145 -25.531807435983815
12.475125312805176 -24.338377541282558
11.202313423156738 -34.349670413666935
17.596588134765625 -28.844616778604518
13.588120460510254 -28.608255792423144
14.449812889099121 -24.623278568094854
15.960938453674316 -26.864658315215596
15.091385841369629 -21.116450847277925
14.807068824768066 -30.590847233040975
14.443563461303711 -23.374899066430274
14.897966384887695 -24.41651872083774
13.365962028503418 -37.01142842029941
11.806180953979492 -26.07868645406306
12.085817337036133 -22.08631114949561
17.856693267822266 -19.770275455529962
15.129297256469727 -15.473245415862621
9.582568168640137 -31.541079896668442
14.004278182983398 -23.244903265968752
14.004246711730957 -23.29372188247759
13.602859497070312 -22.524599990132316
19.847240447998047 -23.12963485395369
12.622072219848633 -21.422968171126065
14.01679515838623 -23.8753217437922
17.515159606933594 -17.52690036243868
16.587472915649414 -20.888415595919888
14.388558387756348 -17.738765725807465
15.069448471069336 -22.961969643614385
17.253280639648438 -22.461729344945972
16.36171531677246 -28.415307737545067
12.651674270629883 -27.451177178967946
15.271605491638184 -21.104964944725584
13.605224609375 -22.003836495207512
10.743010520935059 -17.404211343620066
16.75482177734375 -21.894984526628775
13.431733131408691 -28.899961950634285
12.434993743896484 -26.583967397501233
14.373214721679688 -22.129944424771057
14.594386100769043 -30.01393388799338
14.013408660888672 -33.68652957307322
10.475310325622559 -24.689269032524486
15.768362045288086 -24.313994550908415
14.84111499786377 -24.13146005377417
14.527077674865723 -23.469543460966467
16.62238311767578 -23.87274289007554
12.882075309753418 -33.05067552915467
14.263639450073242 -21.92431043250915
15.109954833984375 -24.821338778771462
14.221684455871582 -28.782790631711407
19.26740074157715 -24.789322259516325
13.99993896484375 -33.7747297791394
14.607160568237305 -19.064055432530616
14.468073844909668 -29.145011033500957
17.07637596130371 -20.814628509509284
17.425962448120117 -19.42146953126447
17.00556755065918 -31.063843780320493
14.595377922058105 -27.310514714746425
15.539165496826172 -23.945625174496183
12.36528491973877 -24.978512400220424
13.370623588562012 -21.95609625983113
13.297113418579102 -23.925224077106574
12.19356632232666 -31.2871348153893
16.66938018798828 -19.093257053119157
12.64075756072998 -22.992454834929568
11.307950019836426 -24.16476461027645
13.337766647338867 -23.765220624879216
16.37067222595215 -22.63786494180171
17.968917846679688 -22.41120837330481
12.217668533325195 -18.873152953263208
15.557709693908691 -23.466989574885815
12.1903657913208 -23.070433189190496
15.127567291259766 -23.463996575104467
14.84748649597168 -25.167956470311204
18.342592239379883 -26.779113225440454
14.359648704528809 -26.505592626965225
14.624292373657227 -25.33866477212654
13.987897872924805 -17.63720257261569
14.33934497833252 -22.762927450030794
15.04061222076416 -26.57395484921898
14.740819931030273 -18.189525650970893
15.11153507232666 -24.09776761598257
14.81817626953125 -24.36243981432293
16.54290008544922 -24.243793258341157
13.864046096801758 -23.73188844058756
13.816851615905762 -23.842847474565
14.928108215332031 -27.63745509868771
11.757628440856934 -28.96101595866464
13.13387680053711 -30.350686442232067
12.90688705444336 -25.40607211635967
14.684161186218262 -22.935952092999937
16.62277603149414 -26.593065179110134
15.948368072509766 -27.41701458535352
15.492705345153809 -27.623890135560607
14.539198875427246 -29.504426107832238
16.938905715942383 -18.881310308775245
14.433947563171387 -23.4666046082795
12.083504676818848 -25.980156816966655
16.711349487304688 -21.110936349811727
16.504907608032227 -23.077402692201584
13.358023643493652 -25.940939254485713
12.674725532531738 -27.118766799847073
12.525930404663086 -24.979819099127162
14.461467742919922 -21.440863354672906
16.03017807006836 -23.715623322683804
13.977291107177734 -28.799163246134796
16.895130157470703 -26.11708842960199
14.982990264892578 -27.462661184554285
14.73876953125 -21.82114047051033
14.264869689941406 -23.816618026380795
16.119842529296875 -21.37845785542637
10.190886497497559 -27.39091178687307
12.22352123260498 -19.584619622342544
22.45659828186035 -20.19523281775094
18.578983306884766 -26.525910904699657
17.188457489013672 -23.12471162541318
16.791889190673828 -22.00787979069067
14.092101097106934 -28.31801479326252
12.124750137329102 -32.15736715354176
12.040534019470215 -27.82124487462857
14.641427040100098 -17.760787965588797
17.242387771606445 -20.015420503434267
10.54464054107666 -26.955317917696746
17.80849838256836 -29.755294199464515
17.94831657409668 -22.65111068749109
15.065454483032227 -19.50528145495823
12.592519760131836 -23.341206654584646
15.807465553283691 -17.97496847672607
13.091818809509277 -34.522418059790134
14.736650466918945 -25.356738402066004
14.270604133605957 -29.647587311964315
17.458202362060547 -22.02545380085149
14.756097793579102 -23.89371820471441
15.239030838012695 -30.249508759239454
15.808989524841309 -24.843372451892435
17.823814392089844 -24.546246825219974
15.464672088623047 -27.023935739949188
14.023625373840332 -23.13191341640421
14.649328231811523 -31.396234760266324
15.58919906616211 -23.062327188925686
16.825315475463867 -17.92489316679051
13.536169052124023 -27.916885164390614
12.649249076843262 -26.594445084312333
15.68862533569336 -23.851058811641867
13.708662033081055 -25.057779750373513
14.404239654541016 -32.72657574068542
15.878382682800293 -21.43040229373333
12.577295303344727 -28.25267252248166
14.335086822509766 -20.10481773632487
17.350929260253906 -22.751070500933736
15.60714054107666 -21.30029403619783
13.409453392028809 -24.2476729248397
16.143749237060547 -29.401175047478084
11.952322006225586 -26.444770526046355
16.458335876464844 -32.65497212962984
10.736093521118164 -23.282752131560265
15.166254997253418 -18.621969404182405
13.72572135925293 -26.221656238479774
15.109001159667969 -23.235099198301732
14.901304244995117 -23.540367454388065
11.973356246948242 -23.329452125763876
12.480209350585938 -27.53579792058072
12.873318672180176 -25.34176135587561
15.067911148071289 -26.339227059206976
13.081998825073242 -21.4779804494343
18.965970993041992 -24.207701102055342
16.054597854614258 -29.62828847360267
12.787657737731934 -24.067059914909606
13.4165620803833 -25.29005930898186
20.282419204711914 -21.192258282620877
16.92863655090332 -23.474279870700627
17.409563064575195 -25.423429750071172
15.525665283203125 -22.793102867399604
19.764480590820312 -17.928413153738067
15.956549644470215 -24.700455632090907
14.819147109985352 -23.85660886703836
11.180822372436523 -26.60928228054452
14.222331047058105 -18.844762864687123
12.73034954071045 -20.406507748247854
14.079989433288574 -24.10675822311576
16.982128143310547 -17.87573821896971
15.568672180175781 -25.396346927856452
15.176008224487305 -24.04119466845556
15.905797004699707 -20.641010723208453
14.75063419342041 -22.224643172178922
11.296854972839355 -22.37920783243568
14.875162124633789 -23.209931369663
17.540390014648438 -22.054598589347783
16.968223571777344 -19.157032322119594
17.094589233398438 -24.322732134577258
14.526931762695312 -25.462721092699027
16.367918014526367 -19.6625387848793
15.910934448242188 -21.551674365853515
11.186192512512207 -30.97790749697601
16.99562644958496 -22.307743111039866
10.674660682678223 -17.79253897014856
15.51479434967041 -26.18084084947403
16.770280838012695 -24.226099359131858
18.761674880981445 -18.92084589899614
16.329214096069336 -20.992461082252778
10.781780242919922 -21.848326485404705
14.773994445800781 -24.081812322156058
17.546422958374023 -29.049214378529886
14.186897277832031 -22.821827274881954
15.5686674118042 -21.132700596115566
15.235060691833496 -21.735217689316876
15.731173515319824 -25.528928791427674
15.794755935668945 -24.475903802228622
15.225768089294434 -32.4076936176019
14.750055313110352 -21.854305867074075
12.783114433288574 -24.313416541626687
17.441011428833008 -24.43221218264597
11.971065521240234 -25.604165005162713
14.776363372802734 -23.006885897789246
16.98026466369629 -23.32917975567912
12.281987190246582 -21.24206210554298
21.33072280883789 -22.204065614192302
12.405404090881348 -23.513394183445286
12.772501945495605 -24.70879451715932
13.589094161987305 -23.27392457228174
14.26300048828125 -31.267964016915386
14.790642738342285 -26.13010988040319
18.223106384277344 -21.80523071140162
10.636597633361816 -22.27656363264279
12.268811225891113 -30.217242571916692
14.28417682647705 -27.513669631897685
16.364282608032227 -24.169222644338614
16.789859771728516 -20.83692077533958
12.052922248840332 -18.4321015132811
15.029868125915527 -19.11613213346479
15.988836288452148 -25.27212790819552
19.343358993530273 -21.057030227201267
17.733306884765625 -24.424855767856844
13.760326385498047 -18.45312401563168
13.017095565795898 -26.249161203057508
18.631813049316406 -24.76302337447989
13.602859497070312 -23.79825105868317
15.776243209838867 -25.791087786761253
17.040361404418945 -24.533376308454514
14.346269607543945 -24.12829178453722
13.296154975891113 -21.338573406002617
11.805994033813477 -23.47244504538358
18.445526123046875 -25.453428516201363
17.277746200561523 -20.2182663478526
14.908991813659668 -28.99690922266017
13.159698486328125 -25.690066755634355
15.700250625610352 -22.377462293162075
22.23484992980957 -20.742783935774323
11.233689308166504 -23.918326317533758
12.441129684448242 -28.858422666481424
11.181554794311523 -21.820607982777858
14.721388816833496 -26.21089473433186
16.699779510498047 -19.57624490948221
12.204829216003418 -20.96813343765098
15.946022033691406 -27.089262929185622
14.471542358398438 -21.622122821978905
15.048919677734375 -24.638242957262555
17.199480056762695 -20.8204637252653
12.335702896118164 -25.82457477126428
12.34745979309082 -32.717525333178294
14.041857719421387 -20.968530435593447
12.508127212524414 -22.22070643932109
14.541818618774414 -29.109766346349332
16.796438217163086 -21.526483732545664
14.55870532989502 -19.724063891339362
12.644173622131348 -27.84960309263515
14.346964836120605 -23.541968167735725
14.866442680358887 -24.46972351738828
17.172468185424805 -29.69548655308051
15.175857543945312 -21.7117873189365
11.832794189453125 -24.76790236145426
15.396551132202148 -24.077911883201867
18.713953018188477 -27.008140340116576
14.227571487426758 -24.216954983460532
11.637809753417969 -22.394294771963782
16.36956214904785 -23.588890413649843
13.103189468383789 -21.8250319243205
15.837739944458008 -23.388206784678804
16.81742286682129 -22.8654659319875
14.825140953063965 -29.211081923398467
16.91924285888672 -25.200096765473056
17.29807472229004 -25.26017503205813
16.073495864868164 -20.613897924339756
12.146285057067871 -22.997392253751823
14.826587677001953 -24.419019742230308
14.691414833068848 -21.048640302042028
17.119766235351562 -30.43518353929487
16.069580078125 -26.087723952071464
15.01102352142334 -30.13027955858147
11.453845977783203 -25.849516592204914
15.329451560974121 -39.85245274639238
13.695350646972656 -23.008961302303273
14.190832138061523 -29.6480426786501
15.65465259552002 -23.29015721978848
14.745528221130371 -26.555335930028072
15.551777839660645 -29.09099923126142
16.643606185913086 -22.002331175978323
12.20024299621582 -28.987106532134682
15.389145851135254 -26.87155098891462
16.661754608154297 -21.92480888315292
12.391740798950195 -22.130431553857367
15.874186515808105 -24.317268360814495
12.328160285949707 -26.019486520970112
12.971829414367676 -24.132103207216343
14.860050201416016 -28.702168223723
14.234538078308105 -24.847655746073816
14.13326358795166 -19.953263174665334
13.651650428771973 -24.374071974695564
14.386890411376953 -22.932219852653976
17.099151611328125 -22.920204796504265
15.80388355255127 -24.712263754649243
15.972051620483398 -34.51874126838065
13.674697875976562 -22.539478148407227
13.255074501037598 -21.40745937756556
13.402154922485352 -20.62765722257823
15.727455139160156 -22.458666571648937
14.950209617614746 -26.421058220913274
14.27221393585205 -22.129746589791765
13.196972846984863 -24.522529964097927
16.487592697143555 -26.4200692005301
13.94807243347168 -30.33357920327383
16.885208129882812 -23.95534863059203
20.76386070251465 -22.450198268747783
15.786881446838379 -17.957654606104597
13.125868797302246 -23.692261599954932
14.0354585647583 -27.096032816383264
13.70975399017334 -30.220135740115815
13.875025749206543 -23.56900082759148
12.752185821533203 -33.431169700152104
17.57143783569336 -21.402397422435726
15.413636207580566 -30.178059441156257
15.308499336242676 -19.57699605175537
11.309354782104492 -16.106919313795963
18.578283309936523 -26.78199956611609
14.449743270874023 -27.648912311227214
11.792052268981934 -23.331694748785488
15.106204986572266 -20.849625488586994
16.899686813354492 -34.48120992931605
14.853470802307129 -24.7129693973049
12.377089500427246 -22.082025096142665
16.289691925048828 -26.636141607401996
14.602058410644531 -21.71835618504362
14.911672592163086 -28.409009115052392
16.01836395263672 -25.045701869268157
15.878806114196777 -27.436990934080058
14.021102905273438 -27.416079167302918
17.831787109375 -19.75709441392904
15.381482124328613 -21.438121792067854
15.155851364135742 -23.387495214085202
18.261510848999023 -22.291173911435404
21.30750846862793 -15.668559844009245
13.34840202331543 -26.009682370569216
15.941123962402344 -25.73812472684478
15.149962425231934 -26.42657923839895
15.50765323638916 -22.516738936376942
12.566704750061035 -27.596204332843413
12.574508666992188 -23.586554845984228
17.535999298095703 -24.318081812828883
18.863576889038086 -20.773349621370482
19.740528106689453 -27.317181027618265
11.998554229736328 -24.031426142847355
16.386272430419922 -21.986661615250007
14.303535461425781 -22.108341196501428
12.979300498962402 -23.704290127168804
17.281572341918945 -20.812595263037725
15.747843742370605 -24.063529103926406
17.095182418823242 -24.056828878799664
14.370516777038574 -21.71733629516135
14.28357982635498 -21.201455852415606
15.06109619140625 -24.918980150937937
14.11953067779541 -30.946646665347394
13.390121459960938 -21.210705487836133
14.142121315002441 -23.415289365341007
14.03835678100586 -24.787983872260718
14.779465675354004 -23.146298180901315
12.799612045288086 -30.564056025273857
14.655838012695312 -20.2876404240279
13.745190620422363 -30.893159861485984
16.02680778503418 -23.389367845277086
15.173154830932617 -26.513286259382404
17.04766273498535 -30.04037396869796
14.856414794921875 -21.42236997205549
11.79102897644043 -19.779747294501842
13.61701774597168 -21.753357363986172
14.069524765014648 -24.508444333920266
13.150705337524414 -22.901739708472622
14.63338565826416 -23.17040038396332
13.793219566345215 -20.02745664655098
12.94041633605957 -25.856227975406938
14.196186065673828 -26.43096368334342
13.180702209472656 -25.140611957164268
13.765238761901855 -22.97075963990552
16.178146362304688 -28.587820850064226
14.579367637634277 -25.350865000160205
13.91805362701416 -25.980666813564106
13.547460556030273 -20.64898513361202
14.785059928894043 -20.950046708376973
16.193340301513672 -27.577786381564135
15.397948265075684 -25.896259629025653
16.45265007019043 -27.727978634739998
15.021140098571777 -22.77382138113399
14.719939231872559 -25.728500299954554
16.1854190826416 -24.14927736659138
15.005010604858398 -22.486899232587774
14.203569412231445 -21.181259881394105
13.051153182983398 -25.55878771829324
15.637447357177734 -21.530841284583246
14.238293647766113 -27.640429042292993
12.443859100341797 -23.14143149431233
12.786712646484375 -29.12498112899114
15.450775146484375 -19.26215902612271
13.110166549682617 -21.246292406761565
11.727999687194824 -35.00618471327193
16.79525375366211 -22.7904887859904
14.445500373840332 -16.88948989041454
14.841726303100586 -28.203601293888177
14.14266300201416 -31.31177448303169
17.861059188842773 -24.318027272688962
12.668472290039062 -22.813802770861603
18.14948844909668 -23.87030715386723
14.985648155212402 -22.136578252075157
16.358469009399414 -20.317295844130953
15.85068130493164 -21.319398652478608
16.092782974243164 -25.46095077535862
13.345560073852539 -20.53465084995426
12.126262664794922 -21.748859150643142
10.454978942871094 -23.52768973065326
14.34341812133789 -24.526311288260445
11.038640022277832 -24.932091807090544
13.837072372436523 -21.45640315863721
12.751042366027832 -25.65480784860849
13.333056449890137 -22.92504989582801
15.410300254821777 -21.462472232890523
14.589933395385742 -29.82641898752105
14.402034759521484 -26.391806835670316
16.08123016357422 -22.315655819413188
14.83581256866455 -20.69469654227791
13.436118125915527 -27.50695185789511
13.370023727416992 -22.833342889471485
13.416852951049805 -25.464877175388278
15.018633842468262 -23.44156876982367
13.075599670410156 -23.937338119201048
20.01630210876465 -21.555063251034532
12.361822128295898 -23.268700892039426
14.819619178771973 -23.768063786467717
16.04691505432129 -22.197697482185824
16.925830841064453 -25.032354782823834
12.82662582397461 -26.57985842101442
16.073413848876953 -22.219638388293124
15.426687240600586 -24.954628024761583
14.78344440460205 -26.81097313267753
14.031071662902832 -25.041159523419758
14.619548797607422 -18.878029288405067
17.7933406829834 -21.95707683115456
14.899412155151367 -23.58557539108998
14.724006652832031 -23.86097581917774
15.506548881530762 -25.5668245465625
17.106353759765625 -20.661061657388988
13.113807678222656 -22.17316562085945
11.937259674072266 -30.05501942180937
14.60136890411377 -21.89174088544354
11.259574890136719 -33.14787978077113
16.28049087524414 -23.534123794002397
11.480393409729004 -24.661772955516547
15.600591659545898 -22.594299534113954
18.670007705688477 -23.629384361256218
15.379759788513184 -23.323585117738585
13.63526439666748 -22.0154808541129
15.004945755004883 -24.114838265962298
13.251839637756348 -23.59944989951525
13.787409782409668 -24.799857654481137
14.456412315368652 -24.606642164763002
16.72442054748535 -31.332080109092335
13.667945861816406 -26.817621578099335
17.018821716308594 -25.027705911628026
17.53118896484375 -25.462480529874917
10.910097122192383 -24.275404560932614
16.449399948120117 -28.389825328973895
13.887263298034668 -20.071143766964546
15.433318138122559 -25.102502184778814
22.14333724975586 -20.398783838118575
12.555314064025879 -24.131627599107105
19.467323303222656 -24.230148537063528
20.774269104003906 -24.979297734434496
10.940722465515137 -24.335700524803947
16.762619018554688 -24.25394537379613
12.396785736083984 -20.892570179817614
12.48981761932373 -27.820705106933048
13.57695198059082 -23.355957301363723
17.457000732421875 -23.17986119407799
15.814640998840332 -29.403794255091533
14.309810638427734 -23.199341362017428
11.654067993164062 -28.729159437024954
10.841751098632812 -30.138511087670544
15.552335739135742 -24.612441988991932
14.777728080749512 -23.79299616186438
15.993831634521484 -25.25873365946195
13.98359489440918 -25.690459038593218
17.3686580657959 -27.50638655342756
13.266501426696777 -22.575145873224645
15.82176399230957 -26.563705641566845
12.939878463745117 -25.709885413831195
14.517266273498535 -20.041605020406845
17.70651626586914 -20.181455023134806
18.203277587890625 -21.16020136572183
13.617023468017578 -28.176152349467017
13.626622200012207 -24.130665652224685
12.690412521362305 -24.296272048253584
13.956801414489746 -20.633255999324454
15.313253402709961 -37.34240278988011
14.291558265686035 -18.497881560733045
13.21373176574707 -27.96653164042916
11.777440071105957 -20.529155495394132
17.47437858581543 -22.4865396823445
14.854046821594238 -28.12612751625784
12.783390045166016 -26.22294802655896
15.858183860778809 -24.491293446112465
12.009530067443848 -26.325382643928517
15.571032524108887 -25.091523275193502
14.03178596496582 -16.457136703289816
18.060192108154297 -24.790091884973826
11.428175926208496 -24.421091488273607
12.010002136230469 -28.36422617080894
17.9125919342041 -24.792650326053522
13.562664031982422 -18.728475555555868
11.327841758728027 -25.349276802912346
14.584535598754883 -20.301711748037395
16.922407150268555 -20.33892263195716
14.974190711975098 -21.66733474923417
13.713061332702637 -22.40782062019215
12.877159118652344 -23.639388468184933
17.1648006439209 -24.254385902804128
15.004137992858887 -23.89459008565877
10.44394588470459 -28.727017484460056
13.409595489501953 -23.34378902054985
13.805971145629883 -32.979123981059004
13.730717658996582 -28.47495416973227
16.14217758178711 -23.144689503775613
12.379755020141602 -23.483782565572106
14.101606369018555 -26.372955811686246
14.295534133911133 -18.254290737935825
15.785449028015137 -29.30166517853636
17.24188995361328 -24.73441508470688
17.513158798217773 -26.374645667412324
23.448911666870117 -19.2315462168463
13.1836576461792 -21.783312096413308
15.313003540039062 -28.80487403712798
14.622696876525879 -21.40175827431126
13.74780559539795 -21.805992287113284
12.327949523925781 -26.707197420660812
14.668797492980957 -27.36340059560267
14.51321792602539 -24.269297888140006
13.709126472473145 -23.04003193352756
12.375859260559082 -21.74335066890294
14.73436164855957 -20.25712274364007
13.481719017028809 -20.927645440692384
11.669782638549805 -25.4124229553571
14.542850494384766 -23.83906536448981
14.013049125671387 -22.963905402643498
15.798921585083008 -21.476424057288725
15.189209938049316 -27.07686125788041
16.638525009155273 -18.64418917312413
13.370131492614746 -24.437966156464007
14.106942176818848 -22.845511210264903
14.282682418823242 -28.586688480939774
17.401447296142578 -23.472986576767656
12.819900512695312 -22.241024278682684
15.647690773010254 -29.02432979127225
12.019378662109375 -29.295422425879
15.691391944885254 -25.315255282795114
13.906068801879883 -23.739861583947025
16.439117431640625 -25.53973891397409
14.237239837646484 -21.482863873337358
14.537883758544922 -23.018103829291178
14.559395790100098 -27.512753606784806
12.458566665649414 -27.967111528932833
13.886771202087402 -31.732410860243604
14.919272422790527 -25.179087228272333
14.001031875610352 -33.62899580015527
13.600825309753418 -20.851472150185664
12.182462692260742 -32.36840120064635
16.299816131591797 -25.616656813817805
16.16670036315918 -25.314539826429453
11.735344886779785 -25.2549954162362
12.792404174804688 -27.631886296512572
14.712113380432129 -27.42630286241574
9.71393871307373 -24.328424606256334
17.23973274230957 -24.81531369130593
21.427268981933594 -23.71439079394907
15.178911209106445 -21.738280137314455
14.942198753356934 -24.42009191090791
11.961820602416992 -26.763219945928885
14.85157585144043 -25.761027190414346
24.925703048706055 -17.22428867472997
16.74419593811035 -27.641068944071726
12.624022483825684 -23.64357169140174
14.68704605102539 -24.608772985285512
14.831793785095215 -22.66587977442842
12.546225547790527 -22.023583577340144
13.519322395324707 -24.31086683319341
14.469951629638672 -20.343214642942506
11.243843078613281 -26.235094725676355
12.941264152526855 -32.82996851715448
16.227821350097656 -20.743594326066347
10.959333419799805 -23.701808122391007
16.094629287719727 -29.978162496734427
15.161173820495605 -24.830025014824145
16.493026733398438 -24.120117001911257
12.862638473510742 -24.80787310404959
16.990617752075195 -20.517415637346318
15.200817108154297 -21.529068650990062
14.67928695678711 -25.463591020311966
15.20616626739502 -20.01356198659695
14.41866683959961 -24.116504928359905
12.375627517700195 -25.30478678181707
15.113045692443848 -25.991068471468488
19.68608283996582 -18.863092518403803
14.051506996154785 -19.783107873751504
12.516027450561523 -22.81765614025085
13.35248851776123 -22.363797587993492
13.828984260559082 -26.129820315946823
12.01993465423584 -28.67992536538813
11.886262893676758 -24.158897981532725
12.643465042114258 -31.183164681185342
14.525440216064453 -27.41198212915304
16.865222930908203 -21.07504772231827
14.56059741973877 -28.69362299906308
15.760576248168945 -22.277924158756665
15.638707160949707 -23.90877155776725
16.00530433654785 -23.694258674145235
17.671064376831055 -20.236512442674485
13.228616714477539 -25.783023767107572
16.15205955505371 -24.530680526192178
15.436613082885742 -26.870639882999043
18.359983444213867 -25.45739327005706
14.604719161987305 -23.051624508563716
13.871119499206543 -27.65934028593111
16.3973331451416 -31.21024838522012
14.124903678894043 -31.589192584436766
14.169689178466797 -25.29710292571319
15.482270240783691 -23.116685956296088
15.580193519592285 -32.720251944375995
12.64222526550293 -20.771885252977675
17.21883773803711 -34.266100633279
14.05981159210205 -27.807891075157006
11.936728477478027 -22.932471162155874
10.277022361755371 -37.48715766029249
15.240127563476562 -24.55825145760782
15.737289428710938 -21.62917947307069
16.89739418029785 -28.299895606562693
12.63965892791748 -23.946615602302867
14.546859741210938 -22.971372228263796
16.899555206298828 -22.32687379316299
13.610743522644043 -20.955651127210075
15.158255577087402 -35.04127450275498
11.30576229095459 -25.634714079465336
12.600850105285645 -21.945241325579033
16.072351455688477 -29.006686967971042
15.697591781616211 -29.806836304219622
13.419334411621094 -25.041603288322428
15.654464721679688 -19.103290841016154
9.61217212677002 -29.057928614614042
14.623732566833496 -28.8673760580852
14.419779777526855 -31.60213704469158
15.819108963012695 -19.333151663836027
13.722068786621094 -16.964002117766128
16.060392379760742 -23.480280182450237
13.961403846740723 -24.769316447709926
16.671072006225586 -21.95626183100591
13.869664192199707 -26.442041955799752
16.336559295654297 -19.042699754362843
13.970318794250488 -24.253544640081095
12.009990692138672 -29.542761868409883
14.175243377685547 -24.65705139339191
13.519390106201172 -26.06631962427422
13.08547306060791 -27.847664396106133
16.54654884338379 -27.632438592561506
16.384729385375977 -24.52555736008896
15.946916580200195 -25.32766428861637
19.738046646118164 -21.111365111370457
11.29778003692627 -30.216905499067714
14.868996620178223 -24.362550454366684
12.224857330322266 -25.998836160759566
15.13178825378418 -22.923608181858725
13.563989639282227 -20.85680588064728
17.520410537719727 -24.021708061023205
11.04167366027832 -27.559816346902608
14.413553237915039 -25.214696035580083
13.947342872619629 -26.739978462215028
15.536660194396973 -24.60474922577341
12.971915245056152 -22.016131939167717
18.085607528686523 -23.47080679568235
16.311853408813477 -22.252221630484136
15.763829231262207 -25.29178900069477
11.431975364685059 -22.281430752136906
14.959295272827148 -24.957370552676664
15.367072105407715 -23.711300502539615
16.362529754638672 -21.271751007495823
15.16514778137207 -28.3220406797842
13.968578338623047 -24.442739195736895
18.10202407836914 -19.56138479658334
14.129619598388672 -26.54564726173007
14.904099464416504 -23.38987667820825
13.355729103088379 -23.794558767654273
15.867712020874023 -25.775022009751254
10.243767738342285 -36.36700865186747
12.808533668518066 -27.661605745388513
15.479643821716309 -20.4105389607553
15.118041038513184 -26.722181294691033
15.67139720916748 -24.44573648885408
14.475065231323242 -23.08379210989207
14.119486808776855 -21.884816608827446
13.806747436523438 -26.47676391108916
16.07088851928711 -22.869781092669346
15.301431655883789 -22.397361064261915
11.632159233093262 -28.079364885536485
14.728004455566406 -29.654089729847456
12.601073265075684 -30.181597746070302
14.450286865234375 -22.129919236059475
13.614887237548828 -23.77946599306773
14.797553062438965 -22.51300225272077
18.41042137145996 -20.014444638446093
15.862924575805664 -22.874528882991573
12.406549453735352 -26.162094807209932
13.654823303222656 -21.802530479068192
12.36877155303955 -29.291925288374692
15.329972267150879 -29.707324657914278
21.939992904663086 -19.927839663298872
15.523164749145508 -21.741708779733056
14.880502700805664 -29.439872146587092
13.916891098022461 -22.888977325284408
16.614442825317383 -19.67615511509075
13.669707298278809 -21.25703532008691
15.221808433532715 -21.446937129399046
13.172834396362305 -19.490097994983266
12.887194633483887 -29.01449577775361
12.620244026184082 -24.253864947825047
16.088348388671875 -21.543300726876275
13.545103073120117 -25.012801574401223
12.880523681640625 -22.796942037720136
13.780370712280273 -28.12438585920723
11.951204299926758 -22.124686549394077
16.70285987854004 -20.29642803423622
15.952400207519531 -29.075435460964968
13.052428245544434 -28.10521176771736
12.400385856628418 -27.580381943928682
17.052650451660156 -25.533492274683148
16.276935577392578 -21.896316710379583
16.963844299316406 -25.51291184247268
13.9260892868042 -32.63188477034156
16.745031356811523 -23.567656559650445
15.630708694458008 -23.711665383750002
14.950261116027832 -27.21642079268681
15.70698070526123 -24.41534036843861
15.017653465270996 -19.561981881517376
13.605401992797852 -19.994537570839437
18.31808090209961 -27.14274050459462
13.97971248626709 -22.5782762484898
13.81385612487793 -20.2076551864715
15.63078784942627 -21.128369798167164
21.42991828918457 -25.147306189205153
14.2445707321167 -26.308176168234745
16.095897674560547 -25.948605736428227
14.833412170410156 -25.716998415013713
13.789605140686035 -25.172238214299547
14.822189331054688 -29.696008054909015
14.870098114013672 -20.805571851423352
17.664392471313477 -28.19162828100651
18.323591232299805 -25.600676927453314
16.812841415405273 -31.71598909588697
14.878225326538086 -25.16216456003403
15.343060493469238 -34.334122359204905
15.421666145324707 -23.362147158510954
17.02362632751465 -23.653741830029954
16.21809196472168 -24.239282727711483
14.475351333618164 -28.393398779111337
15.399457931518555 -22.328405675276706
11.01657485961914 -23.484604611309805
12.671626091003418 -25.538710753692754
23.281253814697266 -19.888258056860902
13.48051643371582 -20.089056021823065
13.832198143005371 -23.73051467596842
16.020328521728516 -24.01805359414824
16.160106658935547 -19.64010226911348
12.590845108032227 -25.776141584209373
14.531492233276367 -26.33408375708368
16.155113220214844 -28.58864764729286
14.659526824951172 -26.516428649432058
15.645505905151367 -19.92384002939594
14.393365859985352 -31.569849456110653
15.01186752319336 -27.305028638353775
12.70217514038086 -22.1595753686476
14.825239181518555 -24.471482764339612
13.03624153137207 -25.368352256880044
16.699722290039062 -23.041264416493995
13.244349479675293 -25.602853400538642
16.82932472229004 -21.49846095861338
14.275665283203125 -18.812818292932455
14.087603569030762 -21.98911633622627
15.163071632385254 -23.093307141824447
13.948997497558594 -26.531326413429266
16.863758087158203 -22.73384981615829
16.28044891357422 -28.242978536014505
17.24188995361328 -26.916318359073497
15.033658981323242 -23.62765527007788
14.850647926330566 -21.852713286500283
13.350357055664062 -22.189365362216627
16.549816131591797 -26.598737903769894
15.925361633300781 -18.77244700099869
13.884659767150879 -24.447919933484325
15.568323135375977 -19.298604827844535
12.186014175415039 -27.28010147970469
13.514439582824707 -22.75424875814927
16.007465362548828 -21.798110186583582
15.304328918457031 -21.485902188957155
15.268824577331543 -23.623635987734463
18.373201370239258 -21.268736476154654
11.924042701721191 -31.8203821620206
11.775179862976074 -33.25598937812583
15.318976402282715 -24.543234493821757
14.146602630615234 -19.412911833757313
15.245774269104004 -25.87261925620774
13.45846939086914 -19.990539722858074
14.160550117492676 -20.25393556841618
13.406584739685059 -21.304721589901405
16.671398162841797 -25.802632844154246
17.109315872192383 -21.784634869802126
13.953810691833496 -26.80635535395152
13.69504451751709 -24.416082765415677
16.180391311645508 -19.823091051440365
17.483366012573242 -25.680946765923686
15.719741821289062 -27.309435940242697
11.010342597961426 -25.214216372808202
12.291486740112305 -22.29363139617673
14.86057186126709 -22.80314336581157
12.03000545501709 -21.894346509259222
13.846206665039062 -23.209074612988687
13.01731014251709 -25.81540046865734
12.526402473449707 -27.55645959060336
16.334489822387695 -25.97882775831311
12.69771957397461 -22.939997444484465
14.83472728729248 -17.92414865050608
13.089765548706055 -22.222246392810458
16.64281463623047 -23.33982204831384
12.928961753845215 -25.34925369734916
15.321282386779785 -20.507766154962123
14.03725814819336 -23.16320996429964
12.785826683044434 -22.71413047789831
16.921926498413086 -28.74024436721715
13.341678619384766 -30.735488214311083
12.667415618896484 -27.26778273099196
16.073591232299805 -27.16082996149172
14.53779411315918 -22.68728109752667
10.737608909606934 -34.77992867382999
15.16102409362793 -27.427969189844198
22.996261596679688 -21.701266145714058
16.937028884887695 -22.958217316320717
11.426496505737305 -27.80963587744695
12.968389511108398 -28.122645991286518
17.513870239257812 -20.38910426858237
15.308357238769531 -27.240883181613945
14.94195556640625 -25.399458721618693
13.001081466674805 -23.752585334669227
12.490133285522461 -31.748308789039783
17.593050003051758 -20.81441682449177
14.991658210754395 -24.457875432275692
15.14034652709961 -21.69042441750412
13.08108901977539 -25.575139043681833
15.662715911865234 -22.964432776233306
15.40877628326416 -25.56498316315037
21.84768295288086 -19.7335827614035
14.348289489746094 -22.523815702228944
14.663830757141113 -29.243893384618175
14.803915977478027 -20.09475950819862
13.920995712280273 -29.522354953617217
15.071484565734863 -19.146480377934477
15.205756187438965 -20.480550193125396
14.063164710998535 -24.71050611567795
16.256559371948242 -21.386983199494292
14.006038665771484 -25.346152332453805
16.310989379882812 -26.62310923307946
14.144425392150879 -21.383479887917666
17.69984245300293 -29.45720922524051
12.63150405883789 -26.574146386461933
18.277448654174805 -23.000282344293982
17.442777633666992 -20.255424235689148
15.582571983337402 -27.604237165582276
23.653230667114258 -22.677215389913858
16.045284271240234 -22.913358754176212
11.990538597106934 -23.4522508921746
15.691600799560547 -29.244390200996953
17.835142135620117 -21.531257871560957
11.072249412536621 -28.116230915323783
15.678951263427734 -24.805028264649508
16.790815353393555 -23.2771450914925
13.259310722351074 -21.49610875371075
11.017319679260254 -23.19625212200886
14.684639930725098 -30.837794310642707
17.408489227294922 -24.705040144328784
15.140837669372559 -23.680980124949112
14.187231063842773 -23.0802828814355
17.19769859313965 -20.738404584550914
14.986797332763672 -25.02446659883173
14.251715660095215 -23.951070470416923
13.49121379852295 -22.71110603815891
15.852311134338379 -19.05759694635435
15.041154861450195 -27.597000513231634
14.95534896850586 -22.401553735880388
18.53819465637207 -20.63013776049788
15.606790542602539 -20.290146722768608
8.49484634399414 -34.51284843325302
17.749792098999023 -23.891217687297157
16.64089584350586 -23.079666141031947
14.369096755981445 -25.752610532477554
13.882406234741211 -28.07249452103185
16.954679489135742 -25.926021914975188
13.045472145080566 -29.60551318006197
15.197263717651367 -24.947674400178137
13.718276977539062 -30.87419394432731
12.126823425292969 -19.746610180429776
16.847917556762695 -23.683944188937286
14.042014122009277 -31.290019704920653
17.611177444458008 -24.065515575906247
14.909358024597168 -24.84810694824182
17.1295108795166 -31.2653474944026
15.412047386169434 -26.637314891423657
14.062938690185547 -22.8838559394572
13.59663200378418 -16.76722943588398
16.054323196411133 -25.769032881087128
17.21842384338379 -22.193014208296358
14.680869102478027 -25.167873465533255
15.383929252624512 -26.624239152927718
16.553390502929688 -22.875179922840832
16.72818374633789 -21.484044743859783
16.046064376831055 -21.591164949432134
14.860450744628906 -27.041157972972
22.245393753051758 -24.424833673905027
14.331857681274414 -21.683017573757496
15.117280960083008 -23.40122547448104
17.894512176513672 -24.540588827240928
14.863873481750488 -19.3208581408192
16.68299102783203 -24.644558746386373
12.807275772094727 -20.38969971385243
13.963358879089355 -25.025023268535882
13.87531566619873 -26.119136691717777
14.262931823730469 -26.25722774093337
13.771035194396973 -24.370576144814347
12.632946014404297 -24.14686442244421
12.05811882019043 -24.280902829309017
16.567737579345703 -22.960592557589127
14.410212516784668 -25.880595047655696
14.366427421569824 -21.569152907779333
16.559532165527344 -23.583835198103493
17.204181671142578 -20.948736056131395
13.236136436462402 -28.591961929500428
15.831603050231934 -24.38311391354472
14.376603126525879 -24.026303155998406
16.12897300720215 -26.34276011459496
15.041828155517578 -29.942921786158468
13.513795852661133 -26.23826400952025
14.483275413513184 -26.32020275409952
15.979734420776367 -23.365858945316614
11.999577522277832 -22.22371394372461
15.038369178771973 -24.635847646220533
13.813741683959961 -29.13989240932412
12.904789924621582 -23.516211939133015
21.53802490234375 -18.942640898260805
17.473663330078125 -19.601530534036048
15.13687515258789 -26.398681548328334
16.197750091552734 -21.33774917464443
14.049805641174316 -29.58395221636122
14.286205291748047 -22.073673887455612
13.661860466003418 -20.2653777761203
17.216617584228516 -23.38343795191884
17.631023406982422 -21.924094000801304
12.246903419494629 -22.52631141720161
16.942197799682617 -25.53103594127666
15.976919174194336 -21.86048304623036
12.592022895812988 -28.84352066522566
16.373323440551758 -18.743698083769907
14.088932991027832 -25.674429660874956
12.778447151184082 -17.884709147181855
14.398032188415527 -28.133497105114095
16.641103744506836 -23.42260380910039
14.537899017333984 -21.75951230399508
13.967811584472656 -23.573041921476126
17.13809585571289 -25.563218265587484
14.265819549560547 -23.9117980716689
16.38691520690918 -23.968525749365455
14.693697929382324 -21.132006612161355
16.2293758392334 -26.572096930198285
15.530509948730469 -21.513030648514484
14.037418365478516 -24.912910106095154
14.468183517456055 -24.799465383891572
15.20463752746582 -24.54644908064801
15.731513977050781 -29.48677132495918
16.44379234313965 -22.50691230816736
14.337325096130371 -28.59701491752129
15.756499290466309 -22.444111892916645
15.38125991821289 -24.58351444930669
13.852147102355957 -24.06318897524626
15.49858570098877 -23.318711926161345
12.252242088317871 -20.11269135986838
12.866321563720703 -22.4386684494159
15.365385055541992 -17.343647809113147
12.209585189819336 -28.906778111603245
12.600725173950195 -34.68625694470312
14.163233757019043 -25.755060173053394
14.663984298706055 -27.34926603095679
17.899473190307617 -21.786994660539182
14.484940528869629 -27.258142961396494
13.48172378540039 -30.704287458800287
13.923340797424316 -20.437724470449115
17.52321434020996 -22.674292064510645
12.062333106994629 -24.24485317761014
16.197195053100586 -23.36512412953603
12.50976848602295 -35.84517381822643
12.156330108642578 -25.859352170437134
13.30885124206543 -21.97096475727395
14.90028190612793 -18.87016793150636
17.057165145874023 -23.263159089934373
12.09324836730957 -28.904079239179822
12.49232292175293 -33.48227029979165
16.28769302368164 -20.335189883071564
14.448025703430176 -24.614066123198015
15.55482292175293 -23.265469343577443
11.724733352661133 -32.346247667789676
13.909231185913086 -23.560923631032836
13.777782440185547 -27.177892152116797
16.78277587890625 -22.667342491068702
14.494651794433594 -22.61612522095148
15.604997634887695 -31.60476679980157
15.22580337524414 -20.337442008389928
16.171127319335938 -22.898403454533096
18.397676467895508 -24.981072233447897
12.955865859985352 -31.180700872383134
12.873655319213867 -22.64471261416215
14.495237350463867 -26.69113141979903
15.33654499053955 -24.14787676022313
15.042949676513672 -25.542212592261606
16.962146759033203 -28.311681819449703
16.835227966308594 -19.050504604252925
14.259943008422852 -23.493538889220844
13.490839958190918 -29.174940710676154
16.575572967529297 -24.346807450051486
15.852398872375488 -25.01292123442652
18.75136947631836 -25.143269910779765
15.132377624511719 -22.945711475747668
15.680091857910156 -19.40327711577761
15.781497955322266 -19.891180394104587
16.824480056762695 -23.108453206075414
13.54238510131836 -21.97319136798962
21.349287033081055 -24.00561724385269
14.404680252075195 -35.80978334853167
15.958242416381836 -23.60076954607604
15.869050025939941 -23.566513583238134
16.03217315673828 -28.742641551195312
13.913350105285645 -27.199634775125446
17.169504165649414 -25.629854605257087
14.61472225189209 -23.860150222085185
15.285492897033691 -20.459347516344888
15.840655326843262 -22.511666471178515
12.65249252319336 -27.16165276109379
14.52784538269043 -26.864334540944995
17.426162719726562 -30.44058802095086
9.220635414123535 -32.17451359098669
14.66790771484375 -24.138793801339254
16.743152618408203 -24.172381905840314
15.149666786193848 -31.073535287894444
16.761056900024414 -22.059990486031527
15.678553581237793 -21.09243316126653
12.645984649658203 -24.457023483962146
14.150581359863281 -31.53045250485993
14.696148872375488 -22.804354750484936
17.118642807006836 -22.72569496602007
15.050636291503906 -23.111221539097542
14.87868881225586 -25.38510586932329
14.511185646057129 -24.589269036044428
15.994629859924316 -23.485926959547818
14.874728202819824 -25.22951925404559
15.241986274719238 -26.96759518460094
13.503289222717285 -23.981935119312713
16.42911148071289 -22.570079939949416
11.837563514709473 -25.389365497061355
14.890524864196777 -21.253890207225652
15.009586334228516 -22.018887346147068
15.56285572052002 -29.9837836821737
15.839262008666992 -24.866356013857285
16.896549224853516 -23.68050359316474
14.15042495727539 -26.364386564415845
15.133214950561523 -32.410435071742725
13.823660850524902 -31.562998873410237
15.551788330078125 -27.170162843974744
18.640047073364258 -22.78770713466412
14.140093803405762 -24.71155392003456
16.282976150512695 -27.111319867558272
14.084948539733887 -27.538487384650935
14.512603759765625 -21.255110592049373
11.743755340576172 -20.92644674654469
12.596844673156738 -26.324608697471447
18.0914306640625 -20.699864513903833
14.351903915405273 -21.092776045271926
14.462507247924805 -20.790766358051197
13.902429580688477 -24.73115936393092
13.843633651733398 -23.482043591106525
14.733275413513184 -21.09872848568765
14.06289291381836 -25.911021397618725
14.749281883239746 -23.063977777168958
17.684526443481445 -31.40107583323089
13.251808166503906 -24.41134562860013
12.78805923461914 -25.08304236074923
13.211854934692383 -24.309100158833918
15.861355781555176 -22.09288405096948
14.472548484802246 -24.347327793946256
15.256855964660645 -22.720080259115278
12.794561386108398 -23.831115864916804
25.232229232788086 -20.014436921433624
13.307615280151367 -23.760620748425602
14.064414024353027 -29.241801365983502
14.29836368560791 -21.632626465859687
13.083758354187012 -27.79960219366852
15.559561729431152 -24.364411514286
13.636881828308105 -24.606751948311448
13.581610679626465 -20.15812971805914
13.552021980285645 -23.089390692162024
15.145188331604004 -19.058844836498913
16.18401527404785 -25.753015077417068
11.07150936126709 -23.344526221708332
15.539473533630371 -22.050505680603987
13.946332931518555 -27.097669443428785
15.750452995300293 -18.565553558735914
14.097562789916992 -19.34677928885885
11.091334342956543 -30.054958479177085
16.955358505249023 -25.640914906536395
13.798993110656738 -19.58248155675581
15.426692962646484 -23.269823128932092
12.900993347167969 -25.880429570818933
16.42472267150879 -25.228690864886925
14.66356372833252 -31.001024879170156
15.066591262817383 -20.379077407227342
15.992767333984375 -22.55787429232085
12.480734825134277 -27.573258846869102
13.306120872497559 -24.451511400326055
14.892289161682129 -23.666105681486712
14.655827522277832 -28.655086191400223
14.010696411132812 -23.314925466725583
11.75092887878418 -28.63537555835041
20.452749252319336 -19.38889389783208
16.954050064086914 -22.261810201305423
14.696145057678223 -22.489387812146735
15.866110801696777 -24.182151744792762
15.464994430541992 -27.198942818977955
17.62591552734375 -22.895385161252094
15.853241920471191 -23.553869557239747
13.371159553527832 -23.87422080592211
14.271300315856934 -22.891532283365024
12.694480895996094 -17.02415376458782
14.3994140625 -26.272555203713274
15.15272045135498 -26.220866576236162
10.179903030395508 -29.945653909250808
13.838425636291504 -20.090595574386604
15.791593551635742 -31.842628612193128
15.288010597229004 -22.738305357024913
13.619099617004395 -23.844366210952483
15.51509952545166 -26.261098469342016
18.413776397705078 -28.6268125105955
13.360422134399414 -22.143124298847066
13.144842147827148 -23.20438414138869
24.5701847076416 -24.0625645324088
15.23495864868164 -21.158382556969386
13.889058113098145 -26.01586764283425
14.428963661193848 -23.525777265465244
15.542746543884277 -22.370909642284268
16.391389846801758 -26.527464542295377
14.49875259399414 -20.12353753945518
12.950349807739258 -22.75176085170572
12.84965991973877 -23.871719933480886
11.262642860412598 -29.329564057065916
13.652962684631348 -18.506827454617902
14.012462615966797 -19.782023541808172
16.998579025268555 -16.741367719036553
16.50954246520996 -22.434521171699874
14.026837348937988 -21.55343983698526
14.085783958435059 -25.595642075804943
12.352749824523926 -24.180139735525103
15.742707252502441 -22.352702505807965
15.249131202697754 -19.641502217635953
19.473928451538086 -19.706399813052087
14.218345642089844 -20.55410918273857
13.43360424041748 -21.648122770790668
14.245869636535645 -26.493117596584568
13.673701286315918 -30.966532695095353
12.541993141174316 -35.49105262497701
16.922269821166992 -25.340870436825664
13.91968059539795 -25.750354846533007
14.495445251464844 -19.36912397339775
14.424260139465332 -20.587695210972345
14.392585754394531 -23.979735945454685
18.617685317993164 -20.629474205962186
15.481034278869629 -28.768952542860767
16.558834075927734 -28.19362215362286
14.155817031860352 -25.484879775468777
15.702439308166504 -29.172544266931812
14.780684471130371 -24.1515945328183
13.875393867492676 -25.976655576494302
17.201356887817383 -21.217878705524146
13.859969139099121 -23.128301417758003
12.843236923217773 -28.262767017723093
16.59127426147461 -18.6306900792154
10.906119346618652 -24.863685207313715
11.229350090026855 -19.19608035513962
17.36581802368164 -23.042135809841298
13.403839111328125 -20.36387204169401
22.50786781311035 -22.960120758680386
16.054288864135742 -22.51174417356867
15.427168846130371 -21.342588125089023
13.842399597167969 -20.199496000160835
14.82422924041748 -21.047305678656492
17.179244995117188 -18.529130513848173
13.2372465133667 -25.439940225869094
16.13215446472168 -24.182839339942902
16.41089630126953 -27.132881050686116
17.095430374145508 -21.73915198115938
11.248846054077148 -22.69908274008408
12.72158432006836 -27.02328638096477
15.564043045043945 -18.324374915620783
14.07626724243164 -18.87513829601447
16.135181427001953 -22.764806661669695
16.01972198486328 -23.500540620546555
17.471511840820312 -18.31764499151526
17.44516944885254 -24.809474259375683
14.100210189819336 -26.707196651274153
13.725454330444336 -35.91408726149549
13.646328926086426 -28.799684609801908
16.172155380249023 -19.92206848864906
14.48056697845459 -20.19686052313553
12.18991756439209 -25.148921961593018
19.258392333984375 -18.01386073742029
13.126444816589355 -24.832001698273565
16.631616592407227 -24.397151054659908
13.798434257507324 -24.190094917645467
