13.767064094543457 50.70487698418791
13.372300148010254 47.52661031440707
14.159276962280273 44.34399478383114
12.625112533569336 42.51823074832847
10.64699935913086 49.13816644337418
14.757475852966309 45.896743610158104
12.963558197021484 48.21423895154761
11.129565238952637 48.37314632132259
10.076966285705566 39.7783840488232
13.287693977355957 50.42155486523998
13.619379997253418 33.587229479718175
14.083855628967285 47.82556972722143
11.918594360351562 41.975358969393156
14.578531265258789 49.18853285090857
13.161117553710938 47.3027155017568
12.371432304382324 44.12955178600178
10.489489555358887 50.655384095801296
10.82652473449707 43.908486401090315
11.925389289855957 53.47770981462667
12.523063659667969 50.80133428471871
13.227084159851074 45.214605555195355
12.486677169799805 37.91172056220423
9.377358436584473 32.31394425142807
11.199411392211914 44.89772115755054
13.667509078979492 32.94778607639084
12.1749906539917 34.01180961015521
11.653752326965332 45.704042620247094
13.995468139648438 47.430366399173266
12.651775360107422 50.255644925853765
10.503643989562988 47.43151946355419
12.606804847717285 42.4916328415764
8.584197044372559 46.82005170068163
15.477273941040039 51.03707489360659
12.747036933898926 43.46187045891288
14.306159973144531 48.63662057298144
10.932294845581055 51.75624899290706
9.623067855834961 44.4133469854196
9.301498413085938 38.62001984842481
14.57602596282959 39.42632020782886
14.32396411895752 44.043549080114516
12.756002426147461 41.519163107539704
15.198970794677734 44.32019847175339
13.749565124511719 45.34249304524984
13.31330394744873 35.738523992902074
14.760236740112305 50.1870775478847
13.280587196350098 45.20492394727352
11.38833999633789 42.80201064024496
12.652289390563965 51.02066555499162
11.663702011108398 43.09546106420829
13.3222017288208 47.96232530568612
12.257966995239258 30.75512877434778
12.72207260131836 45.320882343337246
13.435669898986816 45.66642343947714
10.31600284576416 45.20720093700315
12.65359115600586 47.49296697160453
11.48871898651123 39.70395685444407
12.292634010314941 39.35995874752463
12.835001945495605 43.14812912955214
11.523514747619629 47.2436434558651
12.435699462890625 41.48592363398682
10.048056602478027 49.616355768050944
13.243741989135742 42.48395649718255
10.801827430725098 42.41428093822096
12.99107551574707 37.816280677789784
13.151535034179688 46.69813394658083
13.147956848144531 43.52751105272472
12.628979682922363 42.36826144921162
11.882600784301758 43.89575362001812
13.600335121154785 45.3970594314552
14.348336219787598 49.16801348035827
14.52148151397705 40.635265171770484
12.228428840637207 49.07647204476561
14.237449645996094 42.56898932180796
11.589861869812012 48.667618144741624
10.541616439819336 39.82963674677076
12.027878761291504 49.27261913631448
12.937819480895996 45.134161378102775
13.200276374816895 48.2762772794262
13.648162841796875 45.5243092357307
13.970446586608887 43.05804803711537
10.97396469116211 40.587008400871454
12.880638122558594 43.356834656375334
12.664918899536133 35.77962590186597
10.739218711853027 42.775026655897534
11.586447715759277 47.09885940980209
14.394085884094238 43.1254153922594
10.296433448791504 44.61790131535901
14.563655853271484 45.511558206762814
13.244924545288086 48.849383654440736
12.438232421875 41.639888143876846
14.004107475280762 43.53449077530164
13.008633613586426 45.13039965278567
8.027341842651367 44.638814067234506
11.68976879119873 37.98237909785509
12.633384704589844 49.243953653543656
13.16264533996582 50.66175155490794
12.839213371276855 42.42722844696134
13.374860763549805 46.634142417405435
12.877776145935059 50.311848118516004
10.409003257751465 36.094605236555786
11.809462547302246 45.23597469121373
12.683737754821777 46.39086422343283
12.128056526184082 44.76444081755006
11.479683876037598 39.53125038363415
12.613933563232422 47.447304497147634
12.368674278259277 47.47948697911464
12.112785339355469 52.09421848725804
12.326114654541016 50.525860288484225
14.457488059997559 41.64913649832685
11.551468849182129 46.268222593090094
12.705484390258789 48.77190589534519
13.041144371032715 36.40364068901169
13.927559852600098 42.468425385876564
11.476547241210938 46.9010092142523
10.580378532409668 42.836707421198874
13.01754379272461 42.70210926070979
11.125925064086914 51.460083897630675
11.318416595458984 43.57264919360893
12.182328224182129 42.18506384427516
13.029315948486328 40.84158544297608
11.267695426940918 43.899711970380096
15.219340324401855 36.09492325513466
13.343999862670898 33.637459263220784
11.013900756835938 45.99233930442707
12.992279052734375 46.42477121455316
10.873924255371094 45.32443323040741
12.406949043273926 42.039230978345806
12.714766502380371 49.01608113814763
14.044548988342285 36.95371907674873
11.740341186523438 37.74356919322528
11.90465259552002 49.01560706520695
13.658029556274414 38.79480751821733
10.754608154296875 46.72464978841868
13.269806861877441 46.356823646240755
14.464555740356445 49.982567089356884
10.780835151672363 44.01333780068866
11.012762069702148 42.69002332282556
13.773187637329102 45.61934664393296
13.395413398742676 40.25848319940614
10.795435905456543 46.56810724192062
13.242813110351562 47.947567646159044
10.617664337158203 46.09510851564729
14.569108963012695 43.88977969570445
13.811583518981934 45.02163963376306
11.381539344787598 48.79112603182455
12.589588165283203 47.08200054444613
12.422795295715332 32.623963114301056
12.28144645690918 49.31873848077507
11.772638320922852 44.83220384345904
11.783793449401855 32.2313927012656
12.256126403808594 43.81671166542711
10.474580764770508 41.89978049592537
11.66502571105957 42.62187587614198
11.77770709991455 38.010408219608806
12.806227684020996 47.40426763113002
12.96113395690918 41.765595627626546
13.152215957641602 51.52710882776209
11.067887306213379 42.942354088102185
11.08614730834961 42.37796928435456
13.580928802490234 49.10854616916671
11.036336898803711 26.460665028639617
12.45180892944336 45.75289643776218
14.229232788085938 39.1014369870905
10.914051055908203 42.94787458147998
11.157142639160156 49.45091389905007
13.859203338623047 52.68303257748096
15.487825393676758 47.3731603033641
14.47552490234375 41.56825089144714
12.83891773223877 45.98458019404289
12.729450225830078 37.43902033305275
13.472772598266602 38.78089922100732
13.461037635803223 45.289968111423455
13.202740669250488 47.02975031527524
10.271618843078613 45.10671394458336
12.491887092590332 45.83557947524653
12.226739883422852 55.10837911185206
13.046652793884277 49.94805268234086
16.19851303100586 47.642658502205
11.308226585388184 42.758371983832205
12.663494110107422 37.20334277209662
12.766411781311035 40.622603292944696
10.72178840637207 40.68491296898352
13.507003784179688 35.91182189316511
11.48260498046875 45.09132367637364
12.53650951385498 39.22745470425335
10.611730575561523 46.906284715607164
9.846170425415039 41.1313464028861
11.605180740356445 43.85391759825445
12.797444343566895 39.712736988252594
10.592497825622559 48.93195045731744
11.968295097351074 42.38454435591898
11.56041145324707 46.39003294729377
9.50954818725586 41.874070994394536
13.04111099243164 48.90545600687982
13.746444702148438 48.971312208300745
12.256667137145996 47.561290550351764
13.318099021911621 42.03256835326818
14.434853553771973 40.12667143407119
10.721358299255371 48.062438467610654
13.913249969482422 37.470058287293725
11.4655179977417 50.9345862074899
13.24942398071289 39.0298442303687
12.328184127807617 43.35161805215012
11.311128616333008 46.28100976354379
15.056248664855957 47.80284840209911
12.884127616882324 34.613180088732705
11.629131317138672 45.00291954127178
14.678584098815918 46.030678578655575
13.283845901489258 42.14619051485698
10.844176292419434 43.95944393305912
11.721848487854004 31.044745762954207
10.840471267700195 43.91183150224191
13.465982437133789 47.590788547794716
13.260808944702148 42.629023222352494
10.190317153930664 44.941937095012015
10.672150611877441 45.58605839394384
12.526607513427734 39.4667652623026
13.78886890411377 45.61946237442067
12.313494682312012 48.6792408689124
12.989641189575195 48.64456888207068
9.305703163146973 44.26317212688433
11.698379516601562 44.975921067327825
10.469782829284668 43.738286192823566
12.757375717163086 51.58296611291816
13.727032661437988 42.074675324058944
10.337506294250488 40.4695661084313
11.618443489074707 46.17043896269109
12.997758865356445 42.35190825813585
12.435032844543457 51.53060131807857
12.794977188110352 41.81768629322913
13.03990364074707 51.39729927150524
11.135735511779785 37.205253785548216
14.029987335205078 42.833438464844875
14.712730407714844 45.606787820717024
10.996971130371094 45.24435424049022
12.78351879119873 50.614849881689466
15.269075393676758 37.51621672144438
12.76650333404541 45.973994583846704
11.874602317810059 51.83810922455865
10.842803001403809 45.443583277826434
13.324597358703613 32.67652334663677
14.041091918945312 44.47611788141098
14.368729591369629 51.26988341996798
13.586981773376465 40.8852774140801
13.166237831115723 47.35180407737141
13.460460662841797 41.90588006681392
11.29458236694336 49.559654329734194
14.154865264892578 48.479292669658946
14.139094352722168 47.813696888151455
14.16824722290039 47.011862406073334
13.47963809967041 42.03834258236348
12.862448692321777 42.79557603032807
11.480061531066895 34.957156722127806
10.87763786315918 49.18229977723965
15.710193634033203 47.925573388555414
15.248353958129883 41.02915159206047
10.42530345916748 47.82132647904191
10.661657333374023 41.05801188505668
12.946273803710938 49.34943637875529
13.423789024353027 49.49989499449989
14.90313720703125 52.18641413795122
14.521626472473145 47.02725815942875
11.277809143066406 46.29966764294601
13.359969139099121 44.18656170931382
11.9754056930542 47.4612082828395
13.075613975524902 33.47183534453637
13.961349487304688 36.621534577362155
13.29389476776123 42.764758503837754
12.34041690826416 39.07735402852353
13.323623657226562 43.5259650854407
10.655041694641113 48.28539363123524
14.53482723236084 37.63181853210665
10.514739990234375 40.64232784138045
13.277886390686035 45.32538982346289
13.23141860961914 47.14352458658208
14.075895309448242 43.65562699938899
14.281700134277344 33.94913544098095
12.553018569946289 47.313896604098254
12.753130912780762 37.81160735799637
12.63880443572998 47.23830665705989
12.80103874206543 44.16713621938586
14.541125297546387 48.57201038108605
13.060572624206543 47.49396799189275
13.394369125366211 47.462183284949155
12.46440601348877 32.144714091939115
12.210308074951172 40.43047899348401
10.507518768310547 47.37463974151779
13.107763290405273 43.38329115193193
12.93405818939209 49.34960126887297
12.341870307922363 42.46313031113686
10.907061576843262 46.647914987416534
14.130510330200195 45.35703416945993
11.729576110839844 40.71561704588279
11.834198951721191 42.38320617641743
13.32956600189209 48.198039529682
11.669999122619629 49.2681706729565
15.019166946411133 53.357667824884786
10.29028606414795 39.287054004395785
11.448640823364258 41.57374051835839
11.629364013671875 49.23987804962796
13.448668479919434 46.39807520538271
14.726709365844727 45.40393311363095
13.510736465454102 48.9096906996168
11.773614883422852 44.010069224073185
14.572711944580078 44.89913589063537
13.764608383178711 52.8012097678643
13.113296508789062 44.17460127144066
13.215948104858398 44.87394572552384
12.575387001037598 36.7707111513978
13.40491771697998 48.89616310361522
11.342199325561523 46.5835929985514
12.619022369384766 46.831102237226865
13.872673988342285 43.958111223720294
12.32911491394043 34.7895787920263
14.26852035522461 42.84803611240626
12.672715187072754 40.75043308027426
11.871773719787598 43.615597440457094
12.229034423828125 41.81533778648098
14.029465675354004 52.27846060806449
12.231363296508789 36.53998818739353
12.945862770080566 37.86363102214923
13.529643058776855 29.751865120253086
14.257701873779297 45.09029080608827
13.909879684448242 47.12749899030015
12.26098918914795 33.87492132661456
14.977604866027832 48.80311260627965
11.472709655761719 44.27004107605439
11.780967712402344 47.104576892632885
13.802504539489746 41.30964574585332
13.805426597595215 38.816677683746335
12.549610137939453 47.4598880490451
10.698290824890137 44.467208322239024
11.968111038208008 39.329138013103
14.068673133850098 43.08069786896373
13.026512145996094 29.533182318975783
13.417169570922852 43.7890921846802
13.586820602416992 42.839241348017524
10.59578800201416 40.62726313838766
12.182929992675781 49.26786862014564
11.183557510375977 36.20178432836393
14.094624519348145 46.33009429888446
14.605484962463379 39.52876706218131
10.78968334197998 46.56402813670717
12.253252983093262 30.94643562718283
12.69289493560791 33.0295286409452
13.653181076049805 33.21745654641081
12.005294799804688 40.13339673843422
10.780228614807129 36.465751392180714
13.861316680908203 44.91076607741817
12.870110511779785 42.502798372276736
13.761661529541016 42.92508525844325
14.820284843444824 51.08614545128494
14.01337718963623 42.934778685385446
13.081869125366211 48.71752706061969
11.038549423217773 48.018998409583176
13.823831558227539 43.032209104814164
11.675149917602539 46.94387543803248
14.049893379211426 48.84185358377763
12.504812240600586 43.92905187351197
8.42701530456543 35.70810506445625
12.175253868103027 50.36517898074773
14.228476524353027 30.57823008658035
10.397170066833496 31.85473104558656
14.874443054199219 45.71186138137009
13.432549476623535 44.90593527324526
10.038301467895508 49.13114271372582
8.583306312561035 33.45901994773081
10.974566459655762 50.456791796132265
13.318804740905762 50.77407700706607
11.62161636352539 42.56503016757072
11.968217849731445 47.12518506758841
11.77718734741211 41.88427720587599
13.234580993652344 36.432537466762795
14.0368013381958 37.271809888698506
11.093531608581543 47.924224651542175
12.495935440063477 41.8155115616252
10.837096214294434 28.446429484558568
12.520813941955566 40.80906431987695
14.082833290100098 44.2098715199345
12.745649337768555 46.406761493582636
13.434001922607422 44.234171521985445
13.967935562133789 44.45976982333212
11.886202812194824 42.20520263723707
13.687386512756348 45.565104376286
14.938239097595215 43.3657330035282
12.85411548614502 45.801376788455926
10.28773307800293 48.62226632613053
12.519987106323242 44.714001390035975
10.564447402954102 38.09272906630303
10.234726905822754 47.778304879090996
12.541742324829102 48.22663678506301
12.619647026062012 42.80584936682934
14.287896156311035 48.37923853826777
12.19039249420166 37.175018391204986
13.237181663513184 39.433871177487674
11.870366096496582 43.3512221140303
14.533050537109375 46.36941776140311
14.390754699707031 47.75583643186603
11.728324890136719 47.58090830603703
11.600817680358887 43.79827238565869
12.559584617614746 41.08088591066779
13.964383125305176 48.776058906478184
10.896245956420898 37.73929277086231
11.88497257232666 46.328708998069494
12.881803512573242 44.33522424731899
14.589268684387207 49.09065563656895
13.02199649810791 35.676557588468256
13.361247062683105 39.01426852063843
10.822808265686035 35.8139525332322
12.756891250610352 50.0445701136563
11.720361709594727 47.66425188344201
10.44416332244873 34.16538895845885
11.41462230682373 40.40480831955
11.459001541137695 23.13420433855005
14.104942321777344 40.49454006488367
12.344316482543945 43.33334579589924
14.169756889343262 48.47576997016023
12.572057723999023 46.34597072470498
11.849489212036133 42.715545929819626
12.66800308227539 39.132246196146376
12.501524925231934 48.11171615220057
11.520315170288086 36.32993880801995
10.862014770507812 44.91320900998637
12.97645092010498 50.49471233897457
12.196379661560059 46.69031424221433
13.090652465820312 44.481084577380976
10.77464485168457 48.47797350832391
12.315391540527344 38.18078189159697
13.156930923461914 43.93035669741454
12.530933380126953 41.57149039722357
11.567736625671387 41.697368813015814
13.499481201171875 50.69533572625855
10.912339210510254 41.17504788869946
12.497466087341309 46.95572988370909
11.164371490478516 44.48973568418793
11.350777626037598 38.73071417976844
13.227598190307617 44.24960896207207
12.60833740234375 33.81141887032666
11.92790412902832 37.96562610786652
12.094198226928711 43.32061161596195
13.682373046875 49.95756215984838
12.214807510375977 48.77829526913459
13.417033195495605 45.38581205216116
14.998658180236816 39.48045329085707
13.685684204101562 46.82461072339622
11.919601440429688 32.621679405891044
12.535768508911133 42.684691649846144
13.017006874084473 47.65813891403057
12.115302085876465 32.386884967449845
10.423835754394531 43.07724315610568
11.823784828186035 48.547205138382424
12.871816635131836 51.75608808794131
13.581482887268066 50.790002593063946
10.938325881958008 48.29397430011083
13.332751274108887 43.09560342259625
12.052992820739746 40.350821150236456
13.039498329162598 40.50369623677003
14.917105674743652 46.01487835546902
11.16295337677002 45.637324953731984
12.287272453308105 51.30271589507598
13.241960525512695 40.7891204253518
12.984193801879883 46.865326931490166
14.64983081817627 49.54190578700864
11.241294860839844 51.43875245183514
12.585814476013184 40.30687608923261
13.58427619934082 44.99694404148016
14.011932373046875 40.441508801200236
10.96593952178955 45.70736372183633
10.744967460632324 43.051382993946724
12.59756088256836 44.60464771273897
10.21751880645752 39.848706287882855
14.345298767089844 39.75165075823202
12.874602317810059 46.79243216967015
14.081457138061523 47.04196470379813
14.077073097229004 48.19067703580482
10.704730033874512 45.694843468021425
9.055577278137207 40.591806220835245
11.362787246704102 44.37057330283642
15.926791191101074 51.943080215878915
15.01457405090332 49.28305458470379
12.39049243927002 36.88640229275946
12.204925537109375 32.30800027429087
10.507573127746582 44.24582458684523
13.855387687683105 39.64541023415366
12.87417221069336 43.85719450507542
11.524794578552246 37.49943842647278
12.8854398727417 40.44428583138586
12.424086570739746 50.0657192656081
11.689253807067871 42.50094503999476
15.753501892089844 41.554374800434374
12.949854850769043 45.933248752016105
13.677363395690918 45.005987823466285
11.556849479675293 52.356137317361586
13.884566307067871 51.05331451739999
11.858369827270508 39.52541130427198
12.676403999328613 44.190010396285295
12.29708194732666 41.977745795659764
10.672077178955078 44.37572124388865
12.638436317443848 45.389671404753194
9.320257186889648 46.682789926209075
14.03287124633789 48.09023410689749
12.760115623474121 40.93632029845984
13.58414363861084 48.092236871345236
13.91486930847168 50.05584389631593
14.681500434875488 37.595998496526704
10.489126205444336 47.43448575044039
11.47964096069336 45.89939646366346
11.833263397216797 51.33362590756008
10.814741134643555 38.18167325582804
13.008459091186523 51.341423912231086
12.373273849487305 41.59258349787237
12.405241012573242 44.84135688589333
11.459273338317871 41.87124423869393
12.376432418823242 37.46656038596472
12.372590065002441 40.61393134332642
12.092146873474121 51.172793597584615
11.938934326171875 38.49077142369812
13.566649436950684 43.48250075519903
10.294367790222168 44.05559876288283
10.626543045043945 52.03971321637949
13.311897277832031 49.38092905181216
12.59415054321289 49.41619482981569
11.33898639678955 39.18340656651966
14.820361137390137 46.05262634862128
12.267534255981445 48.48478951137626
13.162073135375977 43.83198425178489
10.102762222290039 46.10160326908939
11.023313522338867 47.28629600782034
13.41649341583252 48.54717240519097
12.181476593017578 46.54501593166567
12.966474533081055 47.362502951602714
11.100517272949219 41.27075718161626
13.852752685546875 41.55393770155205
12.343770980834961 41.878879009664054
12.009270668029785 48.090752260317565
13.55238151550293 43.77875106165106
11.935857772827148 42.77896524432159
11.870041847229004 44.84641971987411
13.951563835144043 49.98387572933825
12.367891311645508 34.899072401857616
12.629716873168945 43.69121583037151
14.194899559020996 40.85018525762989
13.835890769958496 38.974989315262356
15.822647094726562 51.755166263261636
14.172215461730957 42.09569721348492
12.933344841003418 38.76956349000004
13.042327880859375 46.303817062032124
15.875202178955078 43.149392502788245
12.820672988891602 49.26260806455869
12.336925506591797 55.06540688091238
10.674769401550293 36.3599330968472
12.422932624816895 47.726953826953476
10.94846248626709 43.34886796189896
9.274861335754395 50.26555560147044
12.47861385345459 47.7835545139931
13.400203704833984 48.4406787709077
13.195432662963867 37.50626433769658
9.382792472839355 40.20290653541761
12.064519882202148 48.66562403898018
12.805543899536133 44.9772259909033
12.464343070983887 41.35076939352097
13.417747497558594 44.75011965071704
12.638317108154297 50.754684902290094
10.629681587219238 50.08493723680824
11.444809913635254 42.058944087046775
15.013885498046875 40.8441690434074
13.898886680603027 45.09120122216959
12.81265926361084 47.62369158895431
14.422223091125488 46.70367331326788
11.816821098327637 35.57779764715438
13.177000999450684 45.098413635503256
12.423741340637207 44.009038595698975
12.371522903442383 34.15408143785561
14.282550811767578 48.84462737189202
10.857831954956055 33.16181987730297
12.641853332519531 52.38822877465882
11.348250389099121 42.01437936794683
12.727439880371094 43.02062250051907
13.991714477539062 45.79626289338937
11.395956039428711 45.73448036784743
11.971039772033691 40.89920328959832
12.037668228149414 39.33536744714472
14.126265525817871 49.663021179774105
13.63365650177002 42.07121759994748
11.941142082214355 37.37625577790464
13.022433280944824 45.695612296449156
10.422496795654297 55.039143750023634
11.521429061889648 49.615048626542425
13.219127655029297 49.66786742743174
15.776280403137207 42.13847277064088
11.599471092224121 37.0041074431316
12.165132522583008 42.487645952871645
13.019209861755371 45.19433760154732
11.24409008026123 48.88010990350828
11.979098320007324 46.697944600517275
12.987325668334961 48.05414208356914
11.778996467590332 47.35419607387002
12.80943775177002 52.03218710263646
12.468716621398926 47.36212535180044
11.981887817382812 37.61726749111439
13.494592666625977 50.84503210799387
12.195267677307129 45.756980245548164
12.534890174865723 53.442804841598615
12.540976524353027 50.03209705497264
13.137548446655273 35.76440125529207
10.40034294128418 45.82328867672044
12.559835433959961 43.65660814350985
12.038519859313965 46.86303740343139
11.339248657226562 48.286501720260546
14.777669906616211 45.47940210885105
12.646772384643555 46.26029373068496
13.063215255737305 43.61143267386946
11.848782539367676 41.66124237502853
12.406149864196777 42.013199226047384
15.145414352416992 53.51893838387608
12.586403846740723 51.24907274905002
13.189064025878906 50.4677708491078
12.636239051818848 45.45960651099332
11.86909008026123 33.93549103761769
12.836665153503418 39.59860914943402
12.666622161865234 38.13141530993599
12.752902030944824 49.243622520664765
13.679287910461426 45.13228693706541
13.654962539672852 46.2194640809645
13.509727478027344 46.18194045724396
11.593867301940918 40.75416089199714
12.398688316345215 45.05990073646073
12.903223991394043 48.311621602895336
12.575920104980469 48.17436060631232
17.41288185119629 44.81210193231271
12.643930435180664 50.603753103689705
14.817442893981934 48.60779966479007
13.3650541305542 47.144094002091975
14.182682037353516 42.20926424031599
13.248077392578125 49.1887863508823
11.878511428833008 47.39429108017855
10.486503601074219 48.254203636706976
12.971086502075195 46.922070641138156
13.166876792907715 44.063419951250545
10.98756217956543 50.18765779105476
13.117307662963867 47.83401603541767
12.062374114990234 42.94698499164285
14.488256454467773 40.67547429972296
11.22657585144043 40.47105700102419
14.404338836669922 47.32650743822883
13.169556617736816 45.750435074522535
12.098121643066406 50.68750959741207
11.149216651916504 43.511048782252146
10.151650428771973 48.695571594420365
12.765612602233887 46.33943953703533
14.842802047729492 46.11687066934179
13.85279655456543 51.1502560673416
10.50820541381836 37.589276148751594
10.105359077453613 37.62648744815327
13.921077728271484 36.38261606536376
11.059033393859863 48.53437423144319
12.688508033752441 42.28881704214425
10.878049850463867 38.714216742278246
14.405442237854004 39.99572164133138
11.153285026550293 46.36010117518767
12.891319274902344 36.2655195841203
14.258712768554688 45.03354939391795
11.299707412719727 47.72808275920385
12.36938762664795 43.85185105793485
11.713798522949219 50.951851782310314
12.183626174926758 49.418863223719484
10.282987594604492 42.9985882131101
12.216076850891113 40.067320997045044
10.266121864318848 38.28996307778635
13.659646987915039 47.68936256306411
14.498249053955078 42.0446955622989
14.410744667053223 45.67018143952477
13.823236465454102 45.69302956945768
13.910809516906738 48.14651957440024
10.67754077911377 40.946126029123846
12.402865409851074 46.38288838412996
13.367656707763672 42.46903354170497
14.563611030578613 51.16570774416047
14.00296401977539 43.29927614729841
10.291845321655273 38.470446230107136
12.152925491333008 44.38467139060124
14.784869194030762 49.13894761175287
14.837417602539062 52.95927574870148
11.468345642089844 37.780453924484455
13.909894943237305 47.83771358507358
13.016839981079102 40.48849001671257
10.922686576843262 43.96556604029386
10.717988014221191 43.387687612310856
10.145172119140625 44.349269476738925
14.57801342010498 36.280224181343065
12.932748794555664 50.62258923616867
11.498258590698242 44.083166038150466
11.037253379821777 48.526661335399794
11.887711524963379 45.18997384217921
12.304824829101562 40.213601024368195
13.525800704956055 42.46963910675068
13.223260879516602 49.43282510260072
10.107889175415039 45.39670325345801
10.993875503540039 43.35492809305845
13.142273902893066 45.2814210013843
14.085668563842773 32.99702723058857
10.291239738464355 44.676423333244685
14.879055976867676 42.623011268434375
13.59747314453125 49.04636484062219
11.954276084899902 46.49507990800255
13.52763557434082 51.27362472133385
13.12144947052002 41.9163201924036
13.46491527557373 38.83310827152603
14.290657043457031 45.58674732758816
12.441014289855957 48.09709793348643
12.017555236816406 28.418063632987668
14.290013313293457 45.288417595934874
13.676937103271484 40.96772516664211
12.714776039123535 41.46996148938454
12.934279441833496 43.420117567211534
13.321674346923828 49.15819414192213
9.665496826171875 39.77362589522544
12.903532028198242 40.44159751288271
12.408208847045898 50.54499411320086
10.700068473815918 39.10729521702202
12.680602073669434 42.58596525707607
12.21934986114502 53.835522173915656
13.50085735321045 43.68357177623082
12.232076644897461 50.690935641078305
14.957253456115723 46.13930338948289
13.881006240844727 38.59796059675499
12.722294807434082 43.12910152013241
11.362543106079102 38.077103181780046
10.776727676391602 46.487781678967295
12.19474983215332 48.147052120991624
11.649812698364258 41.434436593315226
13.788619041442871 45.346055214070866
10.494928359985352 38.13519490888827
14.66903305053711 44.66421278275097
14.531949996948242 49.89671009386735
12.480636596679688 45.431097243254094
10.636962890625 47.7019125310439
11.2833251953125 48.00245480859799
13.7805814743042 48.260170376664206
10.908580780029297 47.678531530765
14.255183219909668 28.00569678539156
11.815013885498047 49.58529223966077
15.808874130249023 38.29576331975547
13.857368469238281 54.8043521875962
11.256987571716309 42.45584366374262
12.764209747314453 42.99833148206925
13.598616600036621 39.36544340542508
13.387983322143555 47.44287705498322
12.819302558898926 46.30377778017559
11.941352844238281 42.650207506319724
11.800024032592773 44.58715758602869
11.765636444091797 46.11246886454956
9.95773696899414 45.45359864842209
12.792409896850586 43.06632295718604
13.565967559814453 41.43020056505742
12.2994384765625 45.594184529553104
13.582220077514648 48.177915172341855
12.475569725036621 40.02803836986593
13.025253295898438 41.9880838794596
12.555058479309082 40.456808331975814
12.004185676574707 43.62498020957945
13.820266723632812 45.93648434014999
11.391444206237793 43.651181337959656
12.246807098388672 44.51916964467069
10.06816291809082 40.97031285672094
10.64555835723877 50.0176878190988
14.357553482055664 45.72598918677325
12.356922149658203 47.141338032987576
13.989039421081543 49.06028968341879
13.868366241455078 50.55548382547144
12.557247161865234 36.44136611636537
12.154464721679688 46.066988293500465
14.431474685668945 40.94778614930204
13.705541610717773 45.507285794268405
15.141945838928223 54.5746035424047
11.527373313903809 39.72687665723896
13.501670837402344 49.49181260554063
12.121125221252441 46.809326385294405
12.114888191223145 34.93013864484504
9.968366622924805 44.9743058695691
10.750763893127441 50.607750351475744
14.358203887939453 42.503104840410536
11.138134956359863 41.602959047008916
14.072661399841309 46.34832778645759
14.089828491210938 48.90242757768711
13.708491325378418 44.14732112990966
11.913351058959961 45.132648254055596
13.761194229125977 41.42049443692618
12.505793571472168 43.23825865119035
10.368267059326172 38.390162912094176
12.071765899658203 44.65919659711591
12.110658645629883 45.64851954242872
11.162172317504883 45.7014185376735
13.661144256591797 28.17851720168785
11.524354934692383 44.36683771453466
14.189510345458984 47.23863048585594
13.824898719787598 48.144425907167346
13.5887451171875 45.294161507383585
15.598124504089355 48.71821915522641
11.699599266052246 42.19138959997576
11.59277057647705 48.3028874136759
14.225404739379883 41.91113806908479
12.860570907592773 43.99146415322885
11.37185001373291 31.70027332261056
14.848398208618164 45.224375236591285
14.352272033691406 46.1071162554864
11.861542701721191 49.83492495169191
12.024276733398438 37.87844085036155
14.409611701965332 47.3619702067459
12.606003761291504 46.86230348162819
11.562893867492676 46.16414301615284
11.234827995300293 29.263358424957286
12.081693649291992 51.08488260534328
12.142836570739746 43.8351934569087
10.494888305664062 39.18731582891196
13.132817268371582 54.32358209798423
13.59249496459961 40.1726276778262
13.181893348693848 40.49528600889641
13.77715015411377 44.92250041356034
14.359211921691895 42.306834267577294
13.690032005310059 45.66786260560017
12.883308410644531 49.21935633255172
9.787139892578125 45.08773993015346
10.513994216918945 45.965129057425266
10.140341758728027 42.567714283188295
14.852754592895508 52.52180332373817
11.059701919555664 45.445938302370735
13.619768142700195 47.81564138700405
12.990448951721191 47.72069424468404
13.879691123962402 42.35055430722339
14.012526512145996 50.47642603720364
13.077539443969727 43.39638713263711
10.746063232421875 19.54099506273133
12.681368827819824 46.756754623442845
11.149179458618164 42.819520587093855
12.175661087036133 21.196246839284342
10.326088905334473 47.871905823656725
11.2111234664917 45.27411375546558
12.441634178161621 52.218659919918345
12.988912582397461 46.49729400597477
13.496826171875 40.386218648759844
14.047236442565918 47.06754301033511
12.958184242248535 36.36429539989266
11.165617942810059 44.21999669109621
11.044167518615723 41.70940456685408
12.492634773254395 42.93483253890576
11.698358535766602 39.89184601654449
14.973825454711914 41.26636392646475
12.739862442016602 30.794995347981256
12.571624755859375 37.19772743270306
13.560799598693848 39.64864567665155
11.696890830993652 41.58233367945295
11.866434097290039 50.20495485034343
13.841333389282227 40.60286361385158
11.767191886901855 44.889432153749695
12.671441078186035 41.755785713690365
13.332426071166992 42.9862303403801
11.265056610107422 46.79210694106194
12.985443115234375 41.60583331745602
13.876550674438477 48.48911753962826
10.371564865112305 39.96640689670991
13.297983169555664 47.524084117907435
11.517739295959473 47.153601117019356
11.395966529846191 39.26444833666697
13.88187313079834 38.438190639004084
12.852375030517578 46.53451255181752
14.051270484924316 49.85531248198309
11.150138854980469 43.497191758600415
12.633118629455566 50.25431699078273
11.997607231140137 41.77061586497346
12.660807609558105 43.451090407258846
13.687516212463379 37.9634893214981
10.373929023742676 50.69650817936251
15.247185707092285 37.989452605483066
11.689042091369629 52.827543641662736
11.387083053588867 45.944965951578396
11.712480545043945 34.292589656322285
15.778463363647461 42.1365775355312
12.06350326538086 43.10235075324093
13.668641090393066 34.278074891694644
13.161444664001465 49.185265837282785
13.565923690795898 39.35942322170186
12.149222373962402 44.33166824063436
12.44372844696045 38.28833167824593
12.44931697845459 45.00041076919922
14.276588439941406 45.90506435735621
14.268805503845215 46.37322448743674
13.484882354736328 47.41937302642317
12.198331832885742 36.517220760773895
11.889513969421387 35.19422436736506
12.57345962524414 49.25752575248173
13.431403160095215 41.10452089519399
11.977953910827637 36.84324599129991
13.222999572753906 42.22519872025802
11.666738510131836 39.54393302560204
13.142232894897461 33.7653978380422
14.94837760925293 43.323726043070316
12.718955993652344 50.563917807916795
11.102417945861816 40.82404338161496
14.09831714630127 43.88868629911439
11.995015144348145 35.82943400659754
11.299769401550293 50.53620222978632
14.144208908081055 43.88990838898272
12.580754280090332 44.730285467249125
12.617344856262207 44.72710334944728
13.439452171325684 41.33909845570247
11.739399909973145 38.007500959570365
12.617470741271973 44.01932675593208
14.527017593383789 31.544863407689057
13.594205856323242 45.45480269725441
10.914772033691406 37.32200342102519
12.310920715332031 40.13244743916426
14.672883987426758 49.144733548041145
14.358988761901855 39.811703217462046
12.049894332885742 38.45768466000712
10.958515167236328 39.20639756808532
12.608015060424805 48.086271402578035
13.474601745605469 40.53541477767014
11.452776908874512 51.36017556383875
12.880228996276855 43.18060437584154
13.034750938415527 45.56530123771948
13.541071891784668 45.13377928871489
8.007336616516113 40.24325454354834
15.168869972229004 45.39045004640621
15.97014331817627 49.924889603357116
11.860875129699707 44.92983641907357
11.00490665435791 35.99145059015308
10.547012329101562 40.66495781726433
13.607278823852539 37.107871610488935
14.8203763961792 35.89819840882912
14.655926704406738 42.80116999573049
12.075974464416504 41.04753457318342
13.458420753479004 41.54646888067126
10.85421085357666 48.40496194810717
13.911417007446289 49.6921934460798
12.501343727111816 48.25698538012118
13.914631843566895 44.22781597002162
10.811453819274902 36.303866619074626
13.441956520080566 46.56594485619681
12.171720504760742 39.474075392901334
10.763340950012207 38.447192517496454
10.35793399810791 40.75065459638609
10.80361557006836 47.07217670436984
10.863924980163574 41.67454721408534
15.253783226013184 51.55106902907975
11.310606002807617 47.39221223740837
12.768397331237793 40.12356657632578
13.402458190917969 44.973999931368624
12.181358337402344 40.97396155646776
12.234604835510254 47.63214657963776
14.033171653747559 35.05582851919762
12.931901931762695 42.12605185124218
13.491022109985352 47.10934787756626
11.9734468460083 47.73003875517196
11.936493873596191 50.142132340465025
11.958988189697266 45.62896093072045
13.909971237182617 46.95973400125865
10.844379425048828 43.976769995854674
12.992661476135254 40.454974301161705
11.142309188842773 43.87268763397189
11.412375450134277 39.262625018518776
12.183103561401367 43.57007835218984
11.125651359558105 45.46660075820539
10.76712703704834 52.2127584453354
13.219062805175781 46.12014414218979
13.82304573059082 43.582570482938515
12.495327949523926 43.88749935252447
11.682514190673828 45.34450535492431
12.351778030395508 51.25874484785175
14.004424095153809 45.074342632958846
12.844927787780762 48.44648718058048
10.85677433013916 47.97516970975541
14.319774627685547 45.97531911272879
12.354127883911133 44.74836013658917
12.155549049377441 46.6844283060464
12.735332489013672 50.76388633961278
13.83689022064209 43.06648328766157
13.660770416259766 39.543497063978336
13.227095603942871 44.186748581148855
13.430620193481445 42.60679531894463
13.405353546142578 41.063826993437814
13.284778594970703 36.87309857243529
12.126267433166504 44.68581651027631
13.371304512023926 41.237106969556955
11.504029273986816 47.84821343585977
11.307268142700195 47.08569627356587
13.267419815063477 48.868743836017146
11.773256301879883 45.87535782460023
9.674306869506836 36.94419459496514
12.173684120178223 36.77200692926804
13.840872764587402 45.00349953655042
13.321128845214844 42.61716415077489
13.393306732177734 51.315731278010446
13.372793197631836 50.94536358989048
11.52669906616211 35.97812447059162
12.783373832702637 43.98175300874414
13.08168888092041 49.98080971324218
12.540139198303223 40.868735575443715
11.285183906555176 49.105711871262166
12.012950897216797 46.126611964945404
13.786151885986328 45.33614765255563
11.452435493469238 41.825162305066854
12.800675392150879 50.92617623494057
14.013986587524414 45.631158050610104
13.524409294128418 41.57381953145505
11.437264442443848 46.961780426073126
11.619711875915527 44.718589188646284
12.957067489624023 44.50067286270051
14.52610969543457 33.43807769962672
10.660175323486328 39.25997160963024
12.48734188079834 45.99197036344263
11.898877143859863 44.424246918876975
10.052976608276367 46.03880657299679
12.48340892791748 47.75314852008967
13.38046646118164 46.86147272653058
9.1301908493042 44.88222355223288
10.993359565734863 38.11861757260493
12.8535795211792 46.44786051890929
14.621214866638184 46.69404162369743
13.565045356750488 46.20545148267542
12.504064559936523 40.34820641272191
12.318341255187988 45.45800312932432
13.38826847076416 48.83334176687517
11.408851623535156 28.918378284903582
13.717755317687988 52.030588090012756
13.613018989562988 37.33848852557094
10.365055084228516 41.32624671871638
13.084685325622559 41.151863396844
14.927835464477539 49.04677221223744
9.86687183380127 46.33164978667441
10.626168251037598 46.27765661215672
10.548114776611328 45.53331188310339
13.509112358093262 49.49540643559576
11.252602577209473 47.43167031470332
13.92847728729248 48.20490668641511
13.444415092468262 45.01336605369503
13.15102481842041 45.252510365803
14.187849044799805 46.33923721364621
12.034472465515137 51.73017389875018
14.386161804199219 46.581654492718194
10.785857200622559 44.68852626491839
13.415328025817871 41.27327117108122
14.017123222351074 44.64922694142498
14.11631965637207 50.09818573336634
13.531306266784668 43.67056662690447
13.124072074890137 46.1910588255421
13.717217445373535 42.527703060928005
12.498369216918945 42.97866242817638
11.673081398010254 45.509319040111485
12.98422908782959 46.86492711868664
14.21480655670166 48.665733414677106
12.048868179321289 41.622331484829836
12.98011302947998 39.909628100682255
13.534905433654785 45.985817390952754
13.73349380493164 44.83445250159561
10.157544136047363 40.37021394504716
14.131322860717773 38.55877980793408
15.290816307067871 45.7664224983625
13.293192863464355 38.858137049649045
11.473749160766602 44.07998510942342
12.987521171569824 43.12066324324992
12.630217552185059 37.06770621951102
13.842690467834473 47.32553328153842
10.623470306396484 44.72070146848293
13.52384090423584 44.94295144912123
11.762431144714355 41.34260909183353
12.725268363952637 46.12575304682689
12.639300346374512 43.10663135171817
15.543763160705566 41.14175765414002
13.275657653808594 31.12523041597179
12.068702697753906 43.85192127598355
14.770039558410645 38.73589321351678
12.269380569458008 43.2360671458306
12.395965576171875 44.79278477488541
10.016973495483398 49.197848493825916
13.278854370117188 46.95313912373877
13.51745891571045 44.77845937313587
11.542778015136719 47.97346700210663
12.702381134033203 43.391512134145096
12.51522159576416 37.830007481395505
10.65824031829834 44.75564362161701
11.806468963623047 36.141680033832586
12.766048431396484 49.46467162633263
13.652685165405273 40.743637923665474
13.941540718078613 47.51315327203666
13.125467300415039 39.17020966340241
12.467986106872559 53.064200315048595
13.77198600769043 46.091798899678984
10.571606636047363 34.13508252533966
13.51871395111084 48.74754575240478
11.598855972290039 39.903829848396036
13.332854270935059 39.38764329056932
12.086471557617188 48.28058939628745
12.686253547668457 46.379663386741505
12.809430122375488 43.503374941378354
12.354406356811523 41.89714776145928
9.026453018188477 39.90852148053541
13.02580738067627 43.226156567282516
11.058784484863281 35.44234543103586
14.481825828552246 45.91063698404503
12.40987491607666 44.375557303071396
12.59389877319336 45.03131801273098
10.950874328613281 52.34793802682789
11.55838680267334 43.7252022893198
9.707977294921875 49.64952310679145
13.907248497009277 43.654645794067854
14.145843505859375 47.417215143105025
13.02073860168457 47.19245504776268
14.311040878295898 40.628527944844954
13.258057594299316 46.1079957325571
12.6723051071167 50.38455433976108
14.451786994934082 46.6587443316195
11.960926055908203 42.934099623973424
12.684883117675781 38.75322308828125
13.938779830932617 41.71180468074444
13.787920951843262 51.58927345864047
11.257658958435059 41.6060985921123
11.788857460021973 38.75923831028244
12.16727352142334 47.275482723930686
13.490459442138672 36.70107915305842
10.972896575927734 44.35960744638456
11.76678466796875 22.780204062421177
10.845972061157227 51.163276888354964
13.417155265808105 41.2596061128063
11.145893096923828 40.81233758513773
13.366013526916504 50.00537576550181
12.845091819763184 47.741804409319705
12.514425277709961 34.38733458912007
11.948511123657227 51.17678624423787
11.61507511138916 40.80850704689453
14.471067428588867 48.9781819615073
11.543179512023926 37.482245068971075
12.32491683959961 45.21237374243972
9.033668518066406 47.01789187286457
10.484087944030762 42.70747058413797
13.165905952453613 48.4659783093511
10.169848442077637 46.9688063633442
13.824321746826172 43.16625765236003
14.11088752746582 47.61138294978256
13.776966094970703 48.35832216016634
12.30215072631836 33.553957105494824
13.964534759521484 47.28145548608841
10.978259086608887 37.45546793012675
16.27582359313965 37.575137677546024
14.791357040405273 47.96720049812954
8.390741348266602 47.004483680024464
13.048104286193848 40.16383861600196
12.654608726501465 50.42470037832362
11.787662506103516 45.75312151960174
10.642868041992188 40.35931392367255
11.641165733337402 47.96365735029643
14.081354141235352 44.304428271274624
11.739023208618164 40.78076604187715
14.506279945373535 36.668834440180134
12.98242473602295 42.279092462655726
13.132062911987305 47.545539099360965
11.913215637207031 49.45605234066078
12.199254035949707 54.09439235027656
13.517475128173828 52.54401216597047
12.3267183303833 35.584598545430296
13.7338285446167 40.385438530654284
9.57593822479248 45.910187194934814
13.927682876586914 39.08911850257295
11.006438255310059 42.394633211714364
13.115717887878418 44.434661363627015
13.488449096679688 51.680866240061235
12.186236381530762 50.231095781201795
13.021063804626465 43.60729844444817
9.747727394104004 32.88708408721112
11.162833213806152 52.323247192516284
13.166187286376953 48.93526292923249
9.923360824584961 49.023416781839565
12.049779891967773 46.12165576486972
10.235625267028809 42.02859547209484
12.970120429992676 54.49499037857156
10.623165130615234 42.864931361396344
11.701506614685059 43.62091184775374
11.595258712768555 37.45719993391456
13.147249221801758 48.3371316911913
12.133663177490234 37.246122552457
13.626790046691895 46.618050430345356
10.918527603149414 52.250954248578815
12.38489055633545 46.505517288279016
13.739160537719727 44.29536746120416
12.013227462768555 38.69462863082876
10.785839080810547 48.08878194908645
12.53199577331543 46.32090798458338
13.019237518310547 36.28172090471706
13.811605453491211 46.687049099445886
14.002495765686035 42.52435382037676
12.741240501403809 40.179090558799025
12.202159881591797 39.7129117899634
12.59986400604248 46.570885217890876
13.411213874816895 50.79221395914031
10.873116493225098 37.60156353696021
12.47874641418457 37.634160101629746
13.564140319824219 44.1730241962652
14.49666976928711 42.93301616397588
13.060786247253418 45.53253341129349
10.790121078491211 47.079058647207624
11.637669563293457 43.048919542573074
11.983717918395996 42.89346719487133
12.93616008758545 50.99305669973702
12.811776161193848 45.85961136386003
12.775497436523438 39.81623514753662
11.602455139160156 35.03215775552428
15.00893783569336 53.81009727942268
13.493733406066895 45.092777819704956
11.194310188293457 45.953142577070956
12.039899826049805 46.23231643501059
13.993658065795898 50.49498640171529
15.02737808227539 45.26072025497298
12.787284851074219 42.53142408480365
12.728738784790039 35.12442071259465
12.448392868041992 45.36551057603322
12.571768760681152 43.18123123684598
11.287514686584473 29.47524134208612
12.690032005310059 44.35836208826629
11.75344467163086 34.44822380419612
14.1826753616333 42.42737813162773
14.634759902954102 50.36002290494004
10.95317268371582 44.55305411606398
11.240819931030273 41.72512609035626
11.85415267944336 49.680879834805424
11.619457244873047 38.04595764608025
12.069730758666992 43.172150885766996
11.664730072021484 48.28963651462302
11.099470138549805 47.98116052529644
13.735101699829102 44.819741224819495
13.506607055664062 47.61327006639431
11.433621406555176 42.366110692226236
12.937911033630371 43.627643001408785
10.983020782470703 40.524865866990815
11.707551956176758 38.55244121005725
14.527859687805176 44.958695704512316
10.813007354736328 43.80389714295081
11.590553283691406 39.88908531771736
13.161107063293457 39.6607791298349
12.986963272094727 49.966325358260555
12.26970386505127 48.02070769996802
14.730348587036133 42.25832301377409
12.667997360229492 45.825286409638686
11.808530807495117 39.0391167359758
11.21405029296875 36.0750067215625
14.721952438354492 35.507810903751775
12.665727615356445 45.854262642831216
13.44731330871582 46.637903547019995
8.873284339904785 38.75794917586133
9.886744499206543 47.262752949010086
11.576130867004395 41.94452592404083
13.508488655090332 32.25367789862805
10.66455078125 47.28453838004042
7.383612632751465 44.50425381736662
11.721879959106445 48.081747264942386
13.507821083068848 40.83304086223075
12.661887168884277 49.89981852878268
12.287554740905762 40.46010187537197
15.431170463562012 39.25379211787764
12.649913787841797 47.276946628264824
14.067880630493164 48.40279857187969
12.022305488586426 44.426273203827186
11.711406707763672 47.84577683277993
13.848633766174316 46.19809127096791
13.674848556518555 46.16558719839842
13.249635696411133 40.9410629201926
10.811657905578613 37.49946057205652
11.945661544799805 44.05058603059565
14.312545776367188 39.25994513615806
13.11281681060791 47.35533539454313
13.821975708007812 39.605777417315586
13.113631248474121 48.00773294283271
12.015520095825195 46.58399746205287
14.915030479431152 49.06104048368513
12.861261367797852 40.8354198700362
10.677814483642578 41.454008817702984
12.54406452178955 43.22499747713708
13.74121379852295 47.65247188349078
14.99637508392334 47.07583726271885
11.964991569519043 43.752048526670926
13.131333351135254 49.01376083826953
11.949368476867676 38.26434336050317
13.297515869140625 43.12046909833045
13.54350757598877 42.2556640713377
14.908575057983398 46.56984076121251
14.631386756896973 42.66089354934771
12.755338668823242 45.926246515361484
14.763020515441895 57.77751290560392
12.878462791442871 43.84333885837581
13.689294815063477 38.97537684766278
13.437820434570312 43.71557057084581
11.97878360748291 51.535154268191754
14.075033187866211 48.708558159400134
13.646389961242676 47.921439105826245
13.289230346679688 43.52964361188996
11.945301055908203 38.8546248829835
12.663074493408203 41.249638158089475
10.782758712768555 38.06472406920639
13.077201843261719 47.98235854390251
13.406569480895996 44.763091316466195
10.33544921875 45.90564411789932
9.81889533996582 48.505548747592044
10.125824928283691 33.34560088166242
12.281951904296875 46.30439814300629
15.94044303894043 51.045900941443534
12.56871509552002 44.237066430318414
11.701611518859863 48.73807375459292
11.045851707458496 48.86794466317376
10.780387878417969 48.341818973405765
12.17227554321289 49.298800141398125
11.729835510253906 49.208367267727645
11.855704307556152 43.34640517367501
13.565638542175293 41.21802754690998
13.06103801727295 45.591638328923686
11.37633991241455 46.48044731192806
15.205001831054688 43.93700400487375
13.307893753051758 39.789631962372326
10.90827465057373 32.07205247368139
11.724081039428711 34.0596632616827
11.680663108825684 23.67434334314352
15.703444480895996 47.676571136349075
13.767850875854492 43.66461839206765
12.443683624267578 50.43824044176798
13.481826782226562 35.52730732272838
11.06226921081543 44.695745990202305
15.633868217468262 43.1106378807491
13.17007064819336 45.33251131520002
11.409825325012207 48.37484502628974
12.12846565246582 31.19433784741524
11.264778137207031 45.68160496929845
11.713605880737305 41.99784158566432
12.80240249633789 54.25359902074288
13.991700172424316 43.38713710348482
10.233366012573242 36.199365876868825
11.484862327575684 45.5520464916712
12.787654876708984 47.58242290347629
12.468205451965332 43.00571408450502
13.58554458618164 47.15920041263371
12.371025085449219 45.60473493120891
13.796487808227539 44.231824748560896
15.226171493530273 40.19482157625842
14.146308898925781 37.10107207735991
14.42940616607666 44.98485144965011
9.480949401855469 48.930404958050985
12.448629379272461 49.33867040964489
14.361699104309082 45.00014310870363
13.00313663482666 44.771467384275795
12.32302188873291 48.85360727049173
12.163235664367676 51.409330360961555
10.21260929107666 46.0534452978381
12.344846725463867 45.33436018559208
11.186349868774414 49.71270803974282
14.855619430541992 46.21928257471339
12.584775924682617 40.985969036587214
11.194070816040039 41.35075178622069
12.248623847961426 43.47446546174746
14.45780086517334 51.2188204048672
14.182318687438965 37.33032713819867
10.221646308898926 45.41508868130239
13.865900993347168 48.798010539279296
12.536012649536133 37.50493598305351
11.7931547164917 44.88718499727716
13.413347244262695 40.149337803146885
11.544711112976074 45.38610310391771
14.455344200134277 33.32398999206731
13.605874061584473 38.00691229708971
11.851842880249023 48.21290318549882
11.45733642578125 47.36509583773693
11.728726387023926 39.87931156811161
10.445271492004395 48.13996028204012
13.644547462463379 47.37550749538687
14.131904602050781 46.53397455812001
13.866133689880371 40.40539706228372
13.337125778198242 46.39533245439561
11.362494468688965 46.639078423045135
15.52762222290039 45.992457254336266
14.78548812866211 45.673248717802046
12.730684280395508 20.24679058932268
13.736926078796387 47.93328588389753
10.784651756286621 51.14078680092127
12.987709045410156 47.868052543958925
11.000901222229004 44.76205591859393
13.189116477966309 39.153246826708184
12.779537200927734 42.96785013447871
12.096334457397461 35.164957374870454
12.209558486938477 48.7283284047807
11.385339736938477 43.702723122450145
12.241642951965332 48.57419744577643
12.452966690063477 40.174143817056745
12.937472343444824 43.7683690985982
12.098155975341797 43.53147919656748
13.84384536743164 20.18003323192814
14.873208045959473 48.39968535284651
10.386092185974121 32.60032874498243
10.533288955688477 47.96353882889921
11.251559257507324 32.88527965685459
12.807916641235352 43.69455851480355
12.210854530334473 41.85001153623595
12.474552154541016 40.65837756809611
11.94754695892334 40.80814264852917
11.196202278137207 37.24531836261558
12.87945556640625 46.72750390707119
11.34787368774414 43.45990921823114
11.064957618713379 40.049425618511094
10.539843559265137 38.98466459872688
13.27491283416748 38.28804099174907
12.40279769897461 35.79941920687389
12.53529167175293 35.33609577309505
12.675188064575195 43.90146416084709
11.00151252746582 48.14239385231733
12.782581329345703 49.85940112471253
13.304348945617676 36.14097696951541
14.722167015075684 44.08395699417632
13.132256507873535 43.34265679059757
13.765024185180664 38.639624098015695
13.387656211853027 48.896732115486095
13.812397956848145 45.130501858113504
14.438182830810547 51.959565210468604
12.67515754699707 34.50041444010863
11.224762916564941 45.419079949145534
14.66967487335205 52.53314081698985
10.665360450744629 42.439387271447224
14.786359786987305 47.80804248804606
12.026089668273926 43.498324018319764
11.861756324768066 47.311910622100704
13.712448120117188 53.075559790073406
11.505834579467773 38.89377092285618
13.119969367980957 40.80253583686509
11.97095012664795 47.25186794281128
12.3809814453125 47.068235662911555
13.482051849365234 41.86940361520866
12.56883716583252 44.13193462989022
10.714120864868164 40.56979580863266
10.467852592468262 40.258044898237785
14.153321266174316 47.177601868341384
10.813661575317383 41.72795805681667
14.843846321105957 42.218841236718816
12.639087677001953 42.4461105474889
12.640697479248047 43.91447855759143
14.191082954406738 41.62736257579514
13.77070426940918 42.093734968982176
12.017668724060059 42.19644410834355
11.980110168457031 44.2220837355729
12.137625694274902 46.0984635196887
14.017550468444824 47.46988045184992
15.683221817016602 33.22630828498591
14.292970657348633 44.34319879096401
10.983139038085938 41.20039599346007
11.269940376281738 37.39469349085098
13.969328880310059 47.12092365492146
13.527384757995605 45.690020426908966
13.657029151916504 47.4628957485145
10.75842571258545 45.41505072367574
12.402053833007812 32.22357852665293
11.973827362060547 42.19285820995828
13.91396427154541 41.546067591389054
15.737547874450684 48.719812544363855
13.85840892791748 37.78890915461692
11.750436782836914 46.787549659331354
11.93002986907959 37.477394371302395
12.189043998718262 43.933657737191005
10.7722806930542 38.52422694106614
11.24333381652832 48.70436415342318
13.497492790222168 45.096261791813944
12.475221633911133 33.93496144165895
12.231298446655273 45.63136952652079
12.513385772705078 41.30626609436684
12.330363273620605 47.65772920972302
12.090563774108887 37.660175771931456
13.532326698303223 44.556740845934726
11.823534965515137 45.188126293519964
12.880659103393555 38.16282563729419
14.085264205932617 41.34215803773478
12.929605484008789 36.495528021196634
11.677251815795898 43.21970304420236
13.456158638000488 42.8199906124148
11.776992797851562 46.632145166832395
11.696905136108398 46.354196843519766
11.018064498901367 41.297420833289095
13.950831413269043 48.790512333635796
12.536935806274414 44.80550484765551
10.531235694885254 43.7807358726584
11.918743133544922 41.94883895668437
11.447747230529785 48.68086154792923
11.476253509521484 42.38771592675218
11.99826431274414 46.59761845208649
14.62143611907959 49.7825420825891
12.609237670898438 37.29076437698203
12.672739028930664 48.709240214379776
12.662572860717773 45.56344059137511
12.824993133544922 41.45779848853569
13.228086471557617 39.93708758046158
14.077105522155762 48.82748363291929
12.614787101745605 49.52962695388173
13.676886558532715 48.966819390850674
13.65846061706543 44.4265932441253
12.060897827148438 48.050430347021
11.348038673400879 41.89469537481774
13.559441566467285 42.980044695698375
12.093605041503906 44.82484055357918
11.422931671142578 44.24544560205972
14.087316513061523 38.380135371660046
12.149896621704102 40.166053603345674
12.55295181274414 40.22045247043151
11.215988159179688 48.657964268420024
13.619283676147461 45.8455925982347
12.31541919708252 48.92837952558213
13.782466888427734 48.99914884429825
13.76590347290039 31.367815090979764
12.434774398803711 49.7616344921334
12.613557815551758 38.350827632794534
11.134505271911621 51.185274882587066
9.593521118164062 42.37768541770805
9.524857521057129 43.66225758507242
13.259844779968262 49.36544002847
12.238059997558594 42.784577698945256
13.386356353759766 44.4853686624398
9.977836608886719 44.56850289956238
10.353947639465332 45.59279739507477
12.038919448852539 32.779156728620926
13.134300231933594 45.30239012901131
9.988056182861328 45.72398332758255
9.570769309997559 37.36110101654028
14.360963821411133 42.212590310694964
11.729114532470703 44.522692925754576
12.544243812561035 37.98011454468473
14.205753326416016 46.907057815206294
11.928421020507812 44.155491112088626
13.940120697021484 52.87118734488299
11.38494873046875 39.18240661491227
11.660975456237793 45.65089357505862
11.879919052124023 42.20423737850957
9.51679801940918 47.05932416488379
12.920236587524414 46.72666911472261
10.848143577575684 39.05016046372509
13.477293014526367 44.15183779459515
13.439141273498535 44.81105062439184
10.81508731842041 41.638730327460905
10.97242259979248 43.40512822518171
11.252352714538574 46.34059735623009
13.121057510375977 42.99863142585321
10.049097061157227 50.20824422777514
12.721877098083496 49.76600699229791
14.474071502685547 49.98273713029486
12.439924240112305 43.195894667689075
13.4478120803833 35.80691163865549
13.650239944458008 45.64321587642028
9.962642669677734 42.3890709632328
11.085725784301758 48.289748119061514
15.011445999145508 40.40731045927331
10.443495750427246 32.91498032563071
10.601714134216309 36.81059742569889
12.845985412597656 21.640894647000398
13.149017333984375 40.15806541541848
13.868797302246094 43.63442276733921
12.459602355957031 44.653503630738506
12.79761028289795 43.159777504064216
10.903959274291992 33.400102260356256
12.052712440490723 52.02059138640473
13.87765121459961 41.68832817043415
10.195597648620605 41.3083725884875
13.999082565307617 44.08269205413589
13.231449127197266 44.384040370806375
13.484086990356445 37.854817669265884
13.565918922424316 43.2308372250884
12.521636962890625 39.43173656067169
13.04874038696289 41.66907084041909
14.03485107421875 38.71735805415463
12.792327880859375 37.62438412840358
11.582935333251953 36.30642098221967
13.343708038330078 52.65118719473831
12.645956993103027 46.561165987901134
10.70246696472168 47.145566167795984
14.614265441894531 45.028438417438394
12.049115180969238 47.88501126733564
16.011926651000977 38.512318466986414
15.774531364440918 45.3418306846169
15.063119888305664 46.45792172992692
12.419837951660156 46.71359381730441
15.216236114501953 37.16023735643427
11.942401885986328 41.79804104210407
14.560081481933594 49.026454910860835
12.64600658416748 45.79442582194727
12.22253131866455 40.073093898230674
12.107072830200195 46.666563512833484
12.500844955444336 50.08740728167101
13.358827590942383 43.444382812544795
13.588324546813965 49.30424771283827
12.338759422302246 37.06265742231121
11.383506774902344 46.83971246182964
12.644283294677734 42.87230199548874
13.189338684082031 37.49400439482499
13.086585998535156 39.414488142465366
12.16768741607666 42.272758611546664
13.8959379196167 36.416921598951056
14.720653533935547 47.01382295089624
14.395269393920898 46.02701389028839
9.343063354492188 47.692404329288316
12.040078163146973 45.6852221208965
13.626108169555664 39.11912715911076
11.651215553283691 48.065841807380636
9.918782234191895 40.164586246691925
11.473556518554688 35.14512589531319
11.67168140411377 46.85236084669976
12.32053279876709 33.515749197093804
12.089910507202148 42.732361467464756
12.396702766418457 48.11921147102866
11.256885528564453 45.103077299505294
12.21727466583252 46.71846965358095
12.087696075439453 43.64262851322882
13.711834907531738 47.84930060431402
13.14205265045166 42.08814977891825
11.983428001403809 45.617782413563845
13.726147651672363 46.67205394581225
11.389315605163574 49.918353967062636
12.98328971862793 38.53944379637233
13.983445167541504 43.113220380938024
10.496452331542969 39.88887890404703
12.626564025878906 50.980998138441684
13.385075569152832 43.45035867332438
9.431275367736816 41.884024291668126
14.444275856018066 49.56427179889812
13.178394317626953 33.48064595072865
9.419581413269043 41.34637934535132
12.314230918884277 31.85436492650917
13.03144645690918 47.507880408577364
12.693002700805664 49.20606044451226
12.20548152923584 39.605452825908166
11.413472175598145 52.681463263092965
12.477264404296875 39.77988476444796
11.907011032104492 42.39611719696789
11.485223770141602 40.50800418311778
12.278671264648438 45.98462837848533
10.933850288391113 36.87160953604737
12.946333885192871 47.37736938249516
13.473773956298828 44.049201810147935
14.458474159240723 46.844560326760195
10.246275901794434 34.552485149630584
12.771580696105957 45.452522635064675
12.665692329406738 43.61751421972201
11.852624893188477 50.88341250478837
13.353355407714844 27.157617016145608
13.00058364868164 49.243925349225215
13.458305358886719 41.72544821820672
12.95138168334961 47.16712000578167
13.534972190856934 49.75788704266166
10.766963005065918 44.29860322108262
15.671805381774902 48.11041859017376
14.01404857635498 42.52509109015987
11.083161354064941 40.671702114614796
13.988153457641602 45.21445944813627
15.371932983398438 36.33184791376273
12.593978881835938 38.157740041655565
12.820764541625977 45.166605430487316
12.009425163269043 46.607273973604556
13.549498558044434 39.82900858952703
10.159468650817871 35.42258757092905
13.547750473022461 42.67666940263025
11.227701187133789 46.24021185431419
13.136673927307129 47.53480415508404
11.25876235961914 47.35879654479916
11.737537384033203 39.982175030844374
16.554264068603516 45.51851679852206
14.016556739807129 45.39479123032393
12.955499649047852 49.689534266045584
12.64593505859375 43.79908636197326
13.108359336853027 45.576065086878856
15.793988227844238 43.50874389935201
12.179848670959473 38.52634941625461
12.483991622924805 36.362622770024856
11.21727466583252 38.167104687856046
11.56668472290039 46.05369745670886
10.047709465026855 32.59292591818147
11.030669212341309 38.44007838433877
13.874279975891113 43.309282788477915
11.72702407836914 39.42360539145736
13.03193473815918 38.32126147464303
11.018451690673828 42.2253539609749
13.18115234375 51.644201259164646
12.55523681640625 34.61403281500608
12.086292266845703 44.749566873406344
12.505342483520508 49.874142584289395
11.30741024017334 41.527176249081016
11.242501258850098 43.14816377665655
12.279309272766113 35.201477654589205
13.849701881408691 45.47837717905268
13.17524242401123 45.03849096176291
14.095340728759766 43.843201078555325
12.110161781311035 40.743435853298834
13.409340858459473 44.421405612104
12.469085693359375 33.34917348082481
13.342066764831543 47.206341142727084
14.082015037536621 48.70206403174014
14.068059921264648 42.19106958023373
10.630376815795898 41.343048808676656
12.979005813598633 48.04244266276106
14.208995819091797 49.8084835303333
13.456144332885742 45.53622627787289
12.196556091308594 45.440639700555124
12.031373023986816 39.445745709951325
13.198808670043945 38.370230675738405
12.233654975891113 47.338113279657506
10.445009231567383 45.56635176292028
14.10623550415039 43.62379512396656
9.130188941955566 41.54996173628144
11.383607864379883 48.00053914295594
12.655860900878906 40.73381801420149
13.199902534484863 41.02554907289968
12.762191772460938 43.84772784808892
11.807251930236816 41.76139465500211
12.870460510253906 41.8537129397416
12.342625617980957 42.53294671821308
12.383493423461914 39.539801762336374
10.387020111083984 41.87246050988495
12.271245956420898 46.4543136105984
11.823897361755371 33.967576769727295
14.898529052734375 33.64470399832425
12.51369571685791 39.12338704547751
12.577223777770996 43.318955734614
11.230260848999023 47.45280212350996
11.692399978637695 48.95164013637219
12.801664352416992 46.55531337658929
13.619221687316895 42.62460510468449
11.615138053894043 43.71738305880317
12.084390640258789 42.890823015527445
12.325807571411133 51.797389916659014
12.135828971862793 41.00665358334453
15.086575508117676 33.6445729554476
14.988426208496094 48.87927772506872
11.231599807739258 49.81346740852372
12.362305641174316 30.45207310552264
12.24374771118164 46.15921927535849
14.533408164978027 43.96213532353732
12.289909362792969 34.46775845638917
11.881448745727539 43.88446914758625
12.4755859375 27.964705464435294
13.475061416625977 42.302098317328955
10.86185359954834 37.90547792083141
10.814806938171387 47.179080439562306
12.364821434020996 39.519793790560726
10.84024429321289 46.127085780829596
14.203857421875 49.34019312082693
10.68477725982666 49.81586203526687
13.068257331848145 42.56905720258966
13.216385841369629 43.73805444500427
12.989036560058594 46.00799874008011
11.468430519104004 35.25837711352343
13.867733001708984 49.42037309798793
12.84864616394043 41.77122496983453
10.968575477600098 44.32838771571663
13.63758659362793 41.0678764312396
13.552043914794922 46.04255590947169
13.701606750488281 39.696903507882425
13.488077163696289 46.65130576745303
12.616536140441895 50.35205345975869
12.353656768798828 44.341201376249934
12.142678260803223 47.579313354782684
11.826791763305664 45.84505495643871
11.890233993530273 46.698287293560405
13.068048477172852 43.721158671858475
13.702908515930176 41.5470731894806
12.601175308227539 36.39143089530414
11.7204008102417 31.821265915683366
14.669665336608887 47.48639237007604
12.51880168914795 47.768505021365364
12.849136352539062 37.90282089458107
13.045872688293457 38.4764177492263
13.216878890991211 44.76715344221205
13.192588806152344 42.05809960736104
12.2430419921875 49.44259141164591
11.804954528808594 45.618195660843504
14.174622535705566 48.486063365936054
12.372041702270508 46.96996814326059
12.909433364868164 44.3670192350751
14.022252082824707 49.42095651977719
11.186077117919922 36.262080830316854
14.414802551269531 47.306551581564115
13.398625373840332 48.71593619642636
10.772846221923828 34.797912307055284
14.2377290725708 43.51156314636927
13.523639678955078 42.61162436543407
10.585939407348633 36.32467106556485
12.745229721069336 46.3880442029561
10.311914443969727 42.0412708506336
12.609213829040527 41.52005682713842
10.213522911071777 42.5412726533533
15.591867446899414 51.033256567028914
12.286338806152344 44.548030637365024
14.452942848205566 46.64941514062708
12.294387817382812 47.01901288140566
13.153879165649414 30.514227564482592
11.100308418273926 48.865906246584714
11.854841232299805 50.41635490243663
14.196650505065918 44.1104835256151
12.35142707824707 46.637951262515884
13.052413940429688 50.18740068272753
13.994058609008789 41.787729682223635
14.366146087646484 43.0731732495032
13.432793617248535 48.721742127277906
12.057930946350098 36.873223142166566
10.11199951171875 47.57213204856749
12.78518009185791 48.48335923720257
10.958454132080078 46.45635914509174
14.40767765045166 49.80352746419305
12.949394226074219 47.94353422019962
13.552596092224121 46.36535746004037
11.050698280334473 46.4217175175269
12.64051628112793 42.625986029544606
12.239445686340332 50.120299173364444
10.493932723999023 46.91489093438421
9.784323692321777 41.68160209397799
12.188072204589844 52.3343305968922
12.442660331726074 45.760005514179326
12.210197448730469 41.80701031644839
14.383461952209473 46.852686325542535
11.558683395385742 39.912226038203386
12.943877220153809 50.95981206957824
12.434359550476074 47.99624605471759
13.99947738647461 47.30370311703996
11.224519729614258 46.12549890685672
13.74743938446045 44.81131532160997
11.563633918762207 43.364995947611924
12.742995262145996 42.778851099501914
11.163959503173828 27.272149516120916
13.758495330810547 38.79142732148579
12.730649948120117 37.29459939564838
14.863492012023926 50.70347053161204
12.183948516845703 38.829115229923026
10.550877571105957 43.01222040962393
12.287181854248047 45.5519716920539
12.10779094696045 43.659278312558754
12.689476013183594 43.26084159263117
13.170809745788574 39.40305451678941
11.566849708557129 45.89554542878614
13.135315895080566 45.61086628934121
10.703328132629395 51.03163591467499
13.489582061767578 43.39549505397582
13.297389030456543 36.13873378792019
12.191177368164062 44.2769789815749
13.60193157196045 53.216032790979355
12.497159004211426 50.89562429847995
11.796541213989258 40.837885171860165
11.92991828918457 30.49431665217755
11.811814308166504 50.03027392458017
12.333333015441895 38.394265030519904
11.71015453338623 50.29069933566859
13.884174346923828 46.0171805200706
12.590927124023438 50.307640496866846
12.742344856262207 43.20541609198712
13.390214920043945 50.732425267778716
12.9557466506958 47.640965074891305
13.377509117126465 47.0349120087369
12.975993156433105 37.9641308476842
12.635154724121094 45.40462087482415
13.830047607421875 44.57510103116257
10.124441146850586 47.608538151897164
12.49269962310791 39.70407156749964
12.365710258483887 48.3311852097082
12.85737133026123 40.45462462469024
14.455175399780273 45.764296807506234
13.562223434448242 44.69074678476652
13.311488151550293 40.90980615627837
14.728386878967285 49.757333662452645
12.476016998291016 48.513479598475854
13.624273300170898 40.49488990597288
15.337116241455078 47.60792552937139
14.549776077270508 37.51957405540278
14.924036979675293 36.4854018986135
13.733059883117676 42.83706778068066
13.267220497131348 48.71611821096376
14.460714340209961 50.36349733168255
10.244553565979004 49.38088482819712
11.293277740478516 37.44986382956565
12.146483421325684 44.4617551550188
13.041852951049805 42.35894376138325
10.977818489074707 49.448184130308185
15.738459587097168 45.14103281533949
16.048118591308594 38.722861224337805
11.384112358093262 43.37722587637381
13.577898979187012 38.627649924261796
12.902922630310059 44.95159939396341
10.117868423461914 32.408394531998404
11.418488502502441 46.87410991514924
14.52060604095459 45.5156670570798
11.677711486816406 35.659571885235394
10.727869987487793 42.78389880269073
10.037741661071777 39.72722123071796
12.3616304397583 47.056097652798115
12.832011222839355 48.99941848771251
12.71564769744873 45.46978657716477
10.03557300567627 43.0107978367568
12.776812553405762 38.344175389045944
12.474870681762695 35.95718820410403
12.085872650146484 44.97414743451073
12.589049339294434 35.17913695225906
12.159621238708496 44.00569120380629
12.764962196350098 46.343115460116245
10.61971664428711 44.94736360170479
12.072988510131836 40.729772265834605
12.18480396270752 39.317804560870606
11.891325950622559 49.6900466808543
13.800999641418457 47.87565611111636
13.008734703063965 49.829722690232636
11.170160293579102 36.07692914389759
9.940783500671387 45.107513766658236
14.446966171264648 44.26903174661903
11.76872444152832 48.829373554372054
13.938272476196289 44.85699543960272
14.874695777893066 48.543505332350335
11.192545890808105 46.744718171616924
12.312689781188965 38.851631095146914
8.243451118469238 37.26348555624777
14.700736999511719 51.843390906838465
13.030324935913086 48.69588096403957
11.822421073913574 29.14985367853805
12.788747787475586 47.4985591056837
12.872268676757812 44.27848257509558
14.180617332458496 37.34061185535094
11.034943580627441 42.747916803871604
13.766829490661621 36.93732181252315
13.740480422973633 44.07921504174113
10.77160930633545 49.31127511087786
13.646566390991211 46.40398224272243
12.93532943725586 49.446942939880486
11.919528007507324 43.49527363448246
12.628520011901855 46.12317166532602
14.63019847869873 46.8878030547519
13.369168281555176 37.89722507144896
12.840100288391113 43.143475306616146
14.396543502807617 44.42444202100542
11.54336929321289 37.8115217103236
13.568069458007812 50.22570139542313
12.91396713256836 45.04243501978986
13.111350059509277 51.845982543248766
9.506875038146973 46.307644819102215
14.701364517211914 44.865547498844265
15.221268653869629 30.460508923572235
13.416635513305664 52.35429506122638
13.545028686523438 44.397513140725366
12.806774139404297 45.27603857282623
11.79477596282959 48.873207947904035
10.938368797302246 51.7112961381864
13.611019134521484 37.34174102577367
11.710307121276855 45.27053871797411
11.517281532287598 40.35243940113752
13.833929061889648 46.43422662868174
12.092731475830078 44.95192929304365
12.825701713562012 49.45243788516589
14.283490180969238 41.998949249862854
13.154473304748535 38.35900899223187
11.57468032836914 41.89402340417943
14.313117027282715 42.88973140810523
13.138809204101562 43.748004429211576
11.51603889465332 39.29235983479026
13.379300117492676 47.50015710865675
13.557628631591797 42.79328838482275
12.048439979553223 41.881387443887206
12.159486770629883 42.52046582911373
12.872471809387207 46.48870991851698
13.287336349487305 46.177987657863945
12.42668628692627 44.473870838026336
10.374160766601562 46.77918350345084
15.342371940612793 45.58717788548872
13.267632484436035 43.174856345064185
12.336970329284668 37.93542255787818
11.21788501739502 38.011413166971565
15.125068664550781 40.41890320491493
11.302173614501953 45.74303031224368
12.907571792602539 43.534559616027416
10.51962947845459 29.291687394616247
15.099149703979492 52.84931657393626
11.588566780090332 42.5977293438795
12.623252868652344 41.34001552134435
12.535368919372559 46.162496788840706
12.581228256225586 41.86380721419898
11.312905311584473 44.74433007220555
13.423547744750977 44.48595439319094
12.643095970153809 38.03968388752549
14.5902738571167 44.46254482471772
14.706405639648438 45.12094815623117
14.241982460021973 51.83935617999782
12.343214988708496 33.21996809426635
15.912360191345215 37.14890685363798
12.673828125 48.19079582907192
13.917708396911621 46.3336841459216
12.935879707336426 43.73407109201442
14.768762588500977 48.9872579177882
11.570686340332031 40.473686033086324
12.803085327148438 45.79293801869338
10.469939231872559 41.17728668555623
13.814717292785645 40.495678075176414
12.388998031616211 38.9373672548021
11.874385833740234 41.23286522073851
10.406987190246582 36.11809412863072
13.74201488494873 34.7489843020513
12.066787719726562 47.44945517945245
13.974682807922363 38.53567167441301
12.132493019104004 33.850621632964135
14.112515449523926 45.08632816101811
11.029194831848145 41.654159625829315
11.501424789428711 49.546633192865514
