11.815713882446289 -20.023986910934667
11.8096284866333 -17.1451999379235
9.69542121887207 -17.773856367999812
13.275655746459961 -20.925387063982434
9.133855819702148 -17.969994935595206
10.626079559326172 -25.652444622984362
12.703751564025879 -20.70734845417376
11.956379890441895 -33.395985892154656
8.923881530761719 -26.18033397930128
9.125960350036621 -23.833582790220458
5.975338935852051 -19.34841249623875
13.951473236083984 -27.89303460753479
5.310185432434082 -22.609317343084086
9.754094123840332 -23.909145127525917
8.242621421813965 -23.956313754992422
8.882306098937988 -25.653070452172106
11.450096130371094 -28.74573206095434
13.671998977661133 -21.2124608889467
10.693536758422852 -27.690267668328183
11.502645492553711 -17.13338896359335
11.122466087341309 -15.977031844807705
12.560172080993652 -31.926642146335777
10.935554504394531 -24.917465505160607
9.334668159484863 -15.934980924387933
9.5990629196167 -21.422161906218676
9.298907279968262 -30.336189752585298
12.074114799499512 -17.50452845968396
10.87986946105957 -22.754823481288742
7.373392581939697 -17.78871332217807
14.176972389221191 -25.407595577081672
7.201995372772217 -26.442992120256303
11.61168384552002 -17.903694715266674
14.891326904296875 -19.11117996354082
8.674793243408203 -16.38517555461536
12.513224601745605 -25.87402304031952
9.030911445617676 -24.026651000442502
9.246683120727539 -23.741862445988374
11.714601516723633 -16.222758483787484
10.042682647705078 -35.348603666131694
11.551264762878418 -18.94043037266431
13.737336158752441 -25.408158899923585
10.341609954833984 -20.963648099730637
12.91935920715332 -20.944634781315578
9.780135154724121 -22.399635005805834
9.490200996398926 -30.145759545268405
11.93179702758789 -28.512721358643493
12.548888206481934 -27.31786789604919
13.977324485778809 -23.400113903916626
8.98044204711914 -27.33392654378307
12.880579948425293 -18.359338918645946
9.809024810791016 -25.581650404800506
9.953789710998535 -18.666306592849146
13.069517135620117 -26.023200844342476
10.678777694702148 -18.14148353650506
15.108268737792969 -22.118351049112086
11.888473510742188 -23.47743630742141
13.075420379638672 -25.623851304900004
11.284863471984863 -27.3233722302423
10.987811088562012 -25.23618843998394
8.32656478881836 -24.64308416370912
7.286304950714111 -26.578290544039163
11.0473051071167 -21.452445780737946
10.728556632995605 -34.50316300678463
8.307649612426758 -24.49202587623385
9.585010528564453 -22.644010726154065
9.480945587158203 -18.414670812732734
7.1139235496521 -25.262982702079345
6.866411209106445 -32.96560427225087
6.884477615356445 -35.17340234867277
11.224111557006836 -27.560894116158398
13.34833812713623 -16.41089032554661
8.52692699432373 -23.307301797585527
11.745853424072266 -19.601832827947256
12.169417381286621 -22.403699804603644
13.324738502502441 -22.883082504725735
12.560920715332031 -18.363805075356755
11.147109985351562 -23.136755460381387
6.831636905670166 -23.078238080995682
14.081733703613281 -18.13043738381345
12.375211715698242 -28.927517774857932
13.73559856414795 -21.159663739070528
11.647815704345703 -22.493645330658776
11.166365623474121 -20.848032445102948
10.536491394042969 -18.733538187511606
13.281954765319824 -19.47531950801006
9.888816833496094 -21.04051825731311
10.211339950561523 -24.728515556280296
5.560465335845947 -37.72053214661243
8.244790077209473 -18.49133352349357
10.075982093811035 -24.270633050266724
7.478575229644775 -21.50306807557087
8.16223430633545 -17.255118062462365
9.992374420166016 -32.48996868471882
11.842508316040039 -27.4325071183272
12.327926635742188 -16.726176942864615
11.693017959594727 -36.48358543322093
13.667010307312012 -28.52223419411319
9.02027416229248 -27.222669497361316
13.381221771240234 -15.593585053711156
7.81546688079834 -29.676870534419407
14.261624336242676 -20.027226269466397
9.89885425567627 -17.697762833332163
10.405128479003906 -32.68530632023932
10.426597595214844 -24.108368279313645
9.871517181396484 -25.784721711946062
12.211298942565918 -15.687446305524922
11.751626014709473 -29.159929361528967
8.03902530670166 -33.743363390230755
13.850259780883789 -20.070270423737608
12.046243667602539 -19.054903833597628
10.210758209228516 -21.289258841645964
12.90792465209961 -20.972510006631687
9.18331527709961 -24.944043004134997
11.480424880981445 -29.45176049297011
9.554859161376953 -25.07526691889582
9.675604820251465 -21.81745028698832
12.36551570892334 -18.604169326051064
13.769574165344238 -22.131735284739996
10.907465934753418 -23.88083570807117
13.198016166687012 -28.62964605037221
9.950223922729492 -32.95354733417053
10.109694480895996 -19.27068462770325
7.655102252960205 -24.678486735846633
12.210923194885254 -17.397724875655047
9.541768074035645 -26.427675856975185
9.41227912902832 -26.672416514549845
5.463766098022461 -30.554207671613135
8.793105125427246 -23.49888879674868
13.177696228027344 -24.37596378019086
9.782096862792969 -25.70150623908365
9.12173080444336 -22.435169204176972
7.644448757171631 -18.539330188261033
11.428631782531738 -28.434819239489677
10.734579086303711 -28.256758283007628
11.7684907913208 -21.09911747620114
9.331093788146973 -28.04791608946328
10.637541770935059 -29.3460762143514
7.463319778442383 -15.111231925289497
9.37523078918457 -24.873887311256695
8.693792343139648 -17.094894822429442
7.842842102050781 -19.25972681678972
9.488375663757324 -20.474240413619437
13.2183837890625 -25.555550662525157
12.47529411315918 -28.030568690563626
9.669193267822266 -26.645947536665314
10.585440635681152 -32.79982658294793
14.823047637939453 -14.581148254997625
14.077409744262695 -28.98277379384811
10.828170776367188 -24.753917728403074
13.232386589050293 -24.128364962904772
11.849327087402344 -16.074045126702266
13.63790512084961 -20.387949754107122
8.411057472229004 -29.487177388664044
11.56394100189209 -29.780279587973986
13.726944923400879 -17.74111838490782
14.801576614379883 -34.00308714212971
11.812339782714844 -22.451402351510804
8.769705772399902 -23.095235912500687
8.338555335998535 -20.721018240007936
12.276613235473633 -30.750274193743515
8.676925659179688 -25.302005388345535
8.866744995117188 -21.212863246434107
14.117870330810547 -18.790937528496283
11.91721248626709 -18.544404406616263
9.889107704162598 -21.90179147533337
9.841915130615234 -32.3748763913986
10.172558784484863 -26.266962900548936
13.935420989990234 -21.538851598855448
12.836057662963867 -20.02608777494533
8.15149211883545 -19.093604876921898
9.066903114318848 -15.70373173905451
12.796197891235352 -25.439037763808393
11.932623863220215 -33.84289338286373
8.481931686401367 -16.471396286404904
12.841853141784668 -24.596281865289875
12.805765151977539 -24.036345760233985
8.605711936950684 -22.12406008577202
9.340816497802734 -29.984695717170254
8.75324821472168 -19.232367458991064
10.432740211486816 -14.94120890619411
10.458586692810059 -17.727411329432083
9.776851654052734 -19.337350899149598
10.383670806884766 -23.969993518633768
10.907135963439941 -22.99876680308978
11.852527618408203 -19.20812787765547
8.471080780029297 -28.477596519735446
13.033597946166992 -18.203829699980158
12.922393798828125 -13.89607100870844
12.885229110717773 -20.686170021954027
10.001394271850586 -16.348234995322926
8.495709419250488 -21.06211144512958
7.587108612060547 -21.771026772886074
8.911815643310547 -24.943911362370848
12.136634826660156 -25.925899975398156
11.154459953308105 -20.32283412832276
9.516027450561523 -19.51443295520548
12.012096405029297 -26.295440612202068
15.022344589233398 -19.680788127461284
9.806962013244629 -24.94195507283275
12.366238594055176 -21.50204936667471
12.056083679199219 -21.003804324594658
11.132475852966309 -11.688713481146463
10.337883949279785 -25.334151126278744
10.712897300720215 -17.334801647000234
9.152939796447754 -25.439687807838013
14.055609703063965 -16.028252906570394
7.4378252029418945 -25.061025534085168
10.29700756072998 -24.948558554399515
9.706879615783691 -30.34749175991739
10.708196640014648 -20.536314958332007
11.429973602294922 -25.60499892472862
12.066811561584473 -14.731199817143606
13.355628967285156 -24.12412550298916
13.410104751586914 -21.633494101714472
9.716261863708496 -27.579018657846948
13.555525779724121 -28.607142572772876
11.567374229431152 -13.265941800959302
8.278485298156738 -27.250454643689906
10.67728328704834 -15.562269673307224
13.388351440429688 -28.495018919357776
10.377607345581055 -29.932945884656892
8.377290725708008 -17.32121190508557
14.087121963500977 -30.673923280320594
11.212631225585938 -27.39631828408711
11.725175857543945 -25.08190065049797
10.770644187927246 -21.46183628825296
9.896039962768555 -22.887650722350283
11.650165557861328 -27.597703259656726
14.040363311767578 -29.46357324244166
10.225347518920898 -23.29298106177786
8.207104682922363 -20.32523897050906
5.455771446228027 -18.569572262560754
10.221707344055176 -19.900058483079224
8.23236083984375 -31.70197534773534
11.034542083740234 -18.085267093674524
13.631255149841309 -18.086004933065865
9.162636756896973 -23.293956897001586
7.09868049621582 -38.79793774550275
12.396891593933105 -22.134378150524142
11.071986198425293 -17.258158605568717
7.351617336273193 -20.591552287659116
7.635929107666016 -29.51816574807351
10.941987037658691 -20.334567849697493
12.548827171325684 -27.6762732619311
11.614486694335938 -35.747425131837886
11.133050918579102 -19.565471774548165
11.40549373626709 -21.477102864046685
11.51951789855957 -28.218372106517222
8.126096725463867 -32.630657833131494
8.87835693359375 -23.66129277972804
11.663134574890137 -24.033717749608062
9.944892883300781 -19.897343623787645
12.763900756835938 -23.47877582300449
12.962308883666992 -19.62261264285957
10.638470649719238 -16.32184489571413
13.382383346557617 -23.469436503304024
13.033296585083008 -17.199957523252113
9.652167320251465 -22.82067828515484
6.952468395233154 -26.576088362335035
11.159543991088867 -25.4449543584331
7.16318941116333 -25.44006158825595
11.2574462890625 -26.154429620035536
13.973621368408203 -19.259783183044895
10.816671371459961 -23.044712891140538
14.682999610900879 -14.049636740805102
11.421260833740234 -16.27601368604821
9.890739440917969 -20.949247544796087
14.069867134094238 -25.816490435483885
10.911125183105469 -26.128640789835558
12.79996109008789 -25.341502166445288
9.848186492919922 -15.75678764430675
8.358280181884766 -29.041681264190952
12.671953201293945 -28.03914693249772
12.266815185546875 -14.907978206838402
11.887721061706543 -15.557495908916335
10.042510986328125 -18.390919804140445
12.830879211425781 -20.40636861254534
10.8297758102417 -26.641213912355056
12.348793029785156 -27.40685190797612
7.115863800048828 -26.463536972632937
12.087876319885254 -25.099359544678528
11.153000831604004 -22.613311350124867
7.501023769378662 -20.607731778162318
13.351567268371582 -17.812315094385557
8.721109390258789 -24.14770616621846
8.929720878601074 -30.467389992795706
13.556866645812988 -26.005724375342986
12.714757919311523 -19.794517773048575
14.474514961242676 -14.142384840784384
8.174026489257812 -24.507837216405292
12.976259231567383 -26.75759197495787
12.765905380249023 -28.18403525768511
10.656455039978027 -24.28891648604416
10.453579902648926 -30.92378226229667
14.577963829040527 -22.73921837625492
9.594972610473633 -30.291968959729225
8.67819881439209 -23.768810081213182
13.719961166381836 -32.10361553928787
12.432890892028809 -20.158512466769533
12.807290077209473 -24.55653915549401
13.30327033996582 -26.614357739832045
11.435816764831543 -34.01050675302774
13.31657886505127 -24.185229053346532
7.47553825378418 -36.5633397858198
12.137476921081543 -29.111615425226503
11.807901382446289 -26.451725270960598
11.258219718933105 -22.193837701105444
13.184926986694336 -19.742792827874315
14.124393463134766 -23.52538272474803
7.203489780426025 -22.082894917400345
9.529496192932129 -22.885833689507933
12.915727615356445 -25.779790368450783
12.37268352508545 -18.13052289168236
8.177725791931152 -25.089238391048546
10.557644844055176 -23.329424736432784
11.375763893127441 -18.62360091620421
11.76281452178955 -21.957804371058373
12.250039100646973 -18.886110693088167
11.658212661743164 -30.452988795438195
11.647048950195312 -18.550819474286325
5.9259843826293945 -22.169686849039955
13.42099380493164 -30.671297810403885
14.331121444702148 -24.172849084669487
14.102109909057617 -31.99166486742407
8.862690925598145 -23.38525464430485
10.588397979736328 -20.28811206776105
13.76919174194336 -18.32551478192215
14.63886547088623 -17.841830814179975
11.84061050415039 -31.274903362350134
10.167497634887695 -17.935415195535004
10.42934513092041 -23.781918012850433
12.466787338256836 -19.958021883944227
10.80245590209961 -30.11062271158731
9.856169700622559 -25.290219373192592
6.158820152282715 -17.23134259524976
11.829428672790527 -22.88542064060129
11.525429725646973 -15.444348580082966
9.143829345703125 -22.302608188286328
13.521804809570312 -13.640739091765992
12.623786926269531 -19.293051976685266
9.964052200317383 -13.116145539259275
9.989212989807129 -12.562051093259393
11.290914535522461 -27.715490402698002
11.0274658203125 -20.78948767935918
8.300507545471191 -22.877195402366514
6.721493721008301 -14.131505469725617
6.541018962860107 -21.809863875233162
8.158034324645996 -18.713505762069524
8.853654861450195 -26.53820082207555
13.74687671661377 -30.332058088587914
12.929758071899414 -19.898519851560078
11.780054092407227 -19.491859528362557
11.640514373779297 -17.788189244604293
12.166304588317871 -25.605535778845095
9.975813865661621 -20.589393848026784
9.397848129272461 -17.721326369315342
12.401778221130371 -30.744666922721745
7.123793601989746 -26.84530826939036
9.217885971069336 -22.05878170956782
14.505122184753418 -20.603366813432437
8.203170776367188 -27.58599139770552
9.72229290008545 -18.41388405398164
8.963834762573242 -20.176982364119553
12.569158554077148 -25.686213409704507
14.500494003295898 -24.061711844760843
9.671035766601562 -25.03030529724378
8.932215690612793 -30.729977704902254
12.735105514526367 -20.955961396521026
8.330291748046875 -14.46448273528493
9.015801429748535 -15.775528364136711
9.319289207458496 -16.753753849119867
13.84075927734375 -26.362971680946547
12.100400924682617 -22.423237646748948
7.773428916931152 -22.911442759828013
14.06147575378418 -15.053664564595245
8.709755897521973 -20.103670960016707
9.369345664978027 -25.547042992138184
7.4106364250183105 -29.72561535478708
12.470977783203125 -20.502246641037967
11.786494255065918 -19.277978420516227
8.776496887207031 -26.764148596511816
7.336898326873779 -12.058591179078954
9.357195854187012 -17.451412877310837
9.96567153930664 -27.162873420099878
11.608699798583984 -16.624899620950035
8.329208374023438 -27.079204724879908
8.262652397155762 -14.718898267328552
9.575887680053711 -21.63623190603662
9.831543922424316 -29.703681257603087
8.560884475708008 -12.877547394133764
12.971338272094727 -19.721765315302257
13.315448760986328 -17.413396674418227
10.330723762512207 -30.680800133164965
10.308361053466797 -10.64726766921226
10.015815734863281 -15.63471521350668
10.144050598144531 -27.42611373924738
10.2289457321167 -22.14194426392048
13.617332458496094 -22.900319865452595
8.513164520263672 -26.345432228768114
9.41393756866455 -25.54010217252779
12.755188941955566 -27.590962355348317
10.318954467773438 -14.193450400295585
10.695189476013184 -24.01875552713619
10.486161231994629 -24.150728513132613
11.310450553894043 -14.877215848336098
12.644815444946289 -26.34904124998258
9.386445999145508 -26.203381713155224
7.343221187591553 -27.137585340444883
14.064751625061035 -19.13800406208766
11.472318649291992 -32.57011272039595
12.659070014953613 -27.13333143175101
9.72816276550293 -22.256399176839082
10.584061622619629 -15.768966171729115
11.335067749023438 -21.17543314675692
11.650432586669922 -17.13674437655446
11.727008819580078 -23.61889379983275
9.453230857849121 -23.984885854251452
7.418268203735352 -36.56583220421985
6.6742706298828125 -25.942614456272878
13.843623161315918 -20.231770892156153
10.06966495513916 -25.372581696974766
8.962179183959961 -22.106086016552908
10.126592636108398 -18.38538605821881
8.46532154083252 -22.164239613921733
10.527275085449219 -20.04910166335786
12.27397632598877 -36.16142266232266
9.563515663146973 -21.324518785729307
12.32008171081543 -20.23830839816056
12.760152816772461 -22.59970807808657
10.001229286193848 -25.654115946396047
13.355622291564941 -29.319561484357166
9.719290733337402 -17.052171066059195
11.15696907043457 -11.452050457117167
10.818327903747559 -19.540791966504912
8.360153198242188 -28.638476735676065
6.981925964355469 -26.50575260337967
8.378369331359863 -22.579418184741357
14.89301586151123 -17.91082999337951
11.272798538208008 -23.109528444040052
7.488908767700195 -29.851814939891163
15.747450828552246 -23.575638034975114
13.03898811340332 -26.443926913611318
13.287060737609863 -21.805932502725398
12.238598823547363 -16.295627718629003
11.117308616638184 -17.73290152940786
10.788654327392578 -23.083295494356545
8.853711128234863 -18.794376472912674
12.724139213562012 -20.3336860090125
8.827341079711914 -26.399691601873144
12.934423446655273 -24.971425579019684
9.612054824829102 -31.15274833372809
10.327153205871582 -19.9823338628047
10.994051933288574 -32.06702404421219
10.660548210144043 -18.696599991914496
14.339346885681152 -14.53572921312994
10.992980003356934 -20.52644396879149
11.439390182495117 -18.35102047990168
12.220340728759766 -25.3134934122549
9.945077896118164 -26.644683380056037
12.332889556884766 -20.001985147413258
9.131122589111328 -14.452490655458863
9.741382598876953 -33.55780117193635
11.845438957214355 -27.133993023227166
13.743233680725098 -22.86484673227606
11.64569091796875 -26.896789560262736
7.649116039276123 -22.807874311876823
9.169381141662598 -29.84752633616236
11.010372161865234 -26.34972172762368
11.155028343200684 -12.619133780134877
7.7983317375183105 -27.4287365464356
10.004467010498047 -19.01088401663378
8.738229751586914 -26.39288828622773
11.878022193908691 -22.602259315369764
9.54289722442627 -23.458582184840672
10.652310371398926 -15.875444979861332
9.795501708984375 -23.526197036684124
8.428634643554688 -24.260750204539022
11.633252143859863 -24.036276209181217
9.99392032623291 -30.985133208162157
6.948600769042969 -27.047347733838826
13.45384407043457 -22.934966471882895
14.050907135009766 -22.67036002775575
11.07031536102295 -19.68383373923271
11.142598152160645 -25.778031637659033
12.3748197555542 -17.659493075795414
8.123488426208496 -32.479701081856106
11.23134994506836 -24.872075753128183
10.035473823547363 -22.455420321395025
9.788637161254883 -20.92465196064105
13.941934585571289 -15.288161195545527
8.956164360046387 -31.82700845420168
9.891153335571289 -28.340683728057048
8.759798049926758 -17.093773447849784
12.983405113220215 -30.552388036931024
9.972725868225098 -19.31685610394898
9.374959945678711 -21.630475339913517
12.314033508300781 -29.343650785763884
11.412930488586426 -14.802315864168444
8.164608001708984 -25.35668355550167
10.87459659576416 -26.422416874267274
6.936291217803955 -26.683022477464476
10.912771224975586 -15.287558209914927
9.433453559875488 -27.290487310534335
6.782782554626465 -25.88390576802615
12.394208908081055 -12.537441827676517
12.625353813171387 -15.999445581177959
9.797625541687012 -22.291707165374753
10.93814468383789 -18.974906535377066
11.886096954345703 -20.84691659804912
8.15500545501709 -14.31663575181897
10.449560165405273 -17.43378289740285
11.287858009338379 -26.43245824677049
5.199369430541992 -25.366896075009667
11.826302528381348 -19.75759683021001
10.296743392944336 -20.806387630650093
14.283862113952637 -24.253883140757225
13.233410835266113 -12.716505149345323
8.883536338806152 -24.09542041646131
9.485912322998047 -22.572815477765737
6.75771951675415 -20.332465607909363
13.620774269104004 -21.186168584533206
14.304906845092773 -25.63473555069947
12.469003677368164 -23.380222163113444
8.106891632080078 -22.929231900840595
11.396065711975098 -14.86830310273808
13.87412166595459 -20.534954616181256
6.46872091293335 -26.474398224520364
12.648709297180176 -21.29142628568284
11.879210472106934 -20.241486472153568
10.020621299743652 -22.747904417409337
7.815491199493408 -21.472201979155308
8.250655174255371 -20.26642566217101
10.319737434387207 -26.14565457605998
10.825305938720703 -24.071731904026077
12.406816482543945 -24.9543194653608
13.911239624023438 -24.905254851783752
13.29788589477539 -32.7951820363965
12.0938138961792 -18.098165899501602
9.493827819824219 -24.371168067717193
12.98282241821289 -16.098783601717933
8.28175163269043 -23.002233287521577
9.734062194824219 -15.885716798859098
13.040701866149902 -20.350763717480817
12.402593612670898 -15.304248709389908
8.661050796508789 -24.57519245111432
12.994723320007324 -26.39703741540206
14.552084922790527 -31.469497183948963
13.033616065979004 -26.262594294203602
12.230377197265625 -20.75804312161179
10.124083518981934 -24.8603305626089
13.670845985412598 -27.614233595139066
9.6467866897583 -29.163640979113925
8.632083892822266 -20.311833042257604
13.921630859375 -24.175045728157997
9.725870132446289 -20.97621098182383
7.414914608001709 -14.596387514268466
11.649073600769043 -27.999549786927055
10.886785507202148 -16.51576133017216
9.789376258850098 -28.461312110202023
11.854599952697754 -22.03711553259675
8.05681037902832 -18.942159848580612
12.924057006835938 -18.65092642812872
10.957315444946289 -17.463373545745714
11.654258728027344 -21.387041814980016
6.604995250701904 -30.462050189730558
10.149192810058594 -23.518187664843587
13.570808410644531 -23.351006818501634
11.154197692871094 -15.57658690133904
12.92174243927002 -18.273257388320978
8.167121887207031 -24.996044142426463
11.339424133300781 -28.11622579002225
11.580585479736328 -29.83363902488355
10.04975414276123 -23.011509395266465
10.643681526184082 -32.353549930277566
8.15945816040039 -18.435033544143526
8.61672306060791 -24.805751478808606
12.887699127197266 -22.267976892903118
10.422550201416016 -27.88869016098085
10.049560546875 -32.625211269060195
13.424725532531738 -16.8264972471432
9.538671493530273 -32.04328903195026
10.383695602416992 -19.577073262551334
14.3058443069458 -29.26381828010173
8.453492164611816 -33.5050526898055
11.574304580688477 -28.672004443253925
9.968823432922363 -22.418503370021497
10.216596603393555 -21.544018138595586
9.626730918884277 -21.971135310821534
11.98408031463623 -16.818814447365497
6.78488826751709 -23.740938140033755
12.583399772644043 -13.187451366678292
6.513288974761963 -23.895272285637937
11.707523345947266 -29.24968968897445
13.560140609741211 -21.338853057856582
10.98620891571045 -29.86809703258934
10.761171340942383 -19.0193877543204
14.926725387573242 -20.827099931899504
16.069110870361328 -18.153248980894837
8.745391845703125 -21.63228795906165
11.687969207763672 -22.796080073617908
10.02665901184082 -36.91556024821788
10.81716251373291 -16.731447518560977
8.962502479553223 -23.59397369724151
11.504262924194336 -21.12928169390803
12.735909461975098 -21.81416686651516
7.7154741287231445 -24.62035360193453
10.413493156433105 -33.213239904142036
14.779923439025879 -28.324931433938055
12.760784149169922 -25.92648348301658
9.82184886932373 -18.215799435577047
10.033186912536621 -38.900295752223215
13.62187671661377 -21.348886902352106
11.902645111083984 -18.202931445388817
14.320054054260254 -29.999322351651692
14.015974044799805 -31.913509968553008
11.473861694335938 -16.258659320502677
11.629505157470703 -27.726280029427432
9.449848175048828 -23.175448840778454
8.657179832458496 -22.27731123596448
7.53987979888916 -22.190337227961887
10.961440086364746 -24.256487230751897
12.155517578125 -22.455006071308013
8.063475608825684 -21.749442785952557
10.843706130981445 -26.411321727390646
12.08600902557373 -25.459074037215565
10.979372024536133 -21.993725795513065
9.188287734985352 -14.94734084549281
13.198156356811523 -34.367150432883406
11.028210639953613 -31.78136683491251
11.84383487701416 -27.023566269263014
10.675944328308105 -19.044058665046347
15.29099178314209 -26.957301142484766
13.716680526733398 -22.92007355919184
6.424081802368164 -29.66431557386485
12.63107967376709 -25.027827944782032
8.852723121643066 -27.630912371420006
12.137514114379883 -27.549938869590257
9.527461051940918 -32.24037028342406
10.234699249267578 -24.498001670006474
8.066520690917969 -31.958719212272644
13.533965110778809 -25.01829130171194
13.688336372375488 -25.60120174867032
12.117873191833496 -23.465912118451286
10.564923286437988 -18.939101329549352
9.975584030151367 -26.377305277663595
14.036630630493164 -27.25299581202465
8.372790336608887 -17.60423190630386
9.369791984558105 -11.75230746943117
13.687276840209961 -20.07293413116755
13.478106498718262 -18.472649583602184
8.98289966583252 -26.66816246441129
8.144943237304688 -12.238038649412822
12.172076225280762 -23.149021827302597
10.65773868560791 -20.39217844575876
12.714160919189453 -28.53294952004899
11.017119407653809 -13.47716141523224
8.597738265991211 -21.954691643501796
8.427938461303711 -20.247469315268464
9.853142738342285 -34.74937827768109
14.465903282165527 -27.789480669434525
11.8146390914917 -9.038921161677312
11.361185073852539 -32.90337296476651
8.403250694274902 -21.73273947192404
11.698776245117188 -28.924794710695913
9.849100112915039 -22.258516383644206
9.24056339263916 -22.97726186187746
10.63315486907959 -20.910512387840413
8.84984302520752 -22.783622484076844
12.187967300415039 -28.381691077402152
14.049992561340332 -29.333822586886185
12.563055992126465 -22.628606142409573
9.344895362854004 -20.36882756270656
13.557512283325195 -24.256889049443423
8.910951614379883 -21.146497091045884
11.847909927368164 -21.711347943344283
9.17209529876709 -27.49788504298437
6.804286956787109 -21.53641629598442
12.73040771484375 -24.892468754670386
9.281240463256836 -30.490783002654172
12.267221450805664 -21.370821310549925
14.257736206054688 -28.611360845626606
9.906081199645996 -27.0830950345025
8.000517845153809 -17.079428767459156
13.296735763549805 -32.6527440899298
8.60532283782959 -19.941502375145653
14.755454063415527 -19.70153596286204
10.759284019470215 -23.03726304559958
10.011747360229492 -19.142700446757623
10.529658317565918 -29.53130362904405
10.12985897064209 -25.504486728694097
9.94111156463623 -32.02153528864149
14.036087989807129 -24.847207482842308
13.381717681884766 -21.031075198691624
11.648650169372559 -22.470239568984987
9.572813987731934 -29.000106076179726
11.29419231414795 -30.142423442080055
10.827751159667969 -24.20009572691168
8.459202766418457 -24.368610712923378
11.419169425964355 -25.5068913786098
14.977354049682617 -29.729290038398368
8.494482040405273 -28.896955812089164
10.829143524169922 -38.80687115213914
10.988493919372559 -25.962475798589352
9.29488754272461 -27.784580472298053
11.497511863708496 -13.257545039711747
9.707808494567871 -30.037692191971924
11.973067283630371 -24.145828471409207
6.517205715179443 -23.585939941036237
12.751906394958496 -17.693025077230473
5.646964073181152 -21.19689920219316
12.514071464538574 -24.240092835566415
8.335175514221191 -31.446386541998088
12.153974533081055 -25.504562115795927
15.076774597167969 -21.843917373328356
12.528223991394043 -31.71859328831606
14.197210311889648 -24.989414640515605
13.632073402404785 -22.573594246178146
8.846354484558105 -23.20005024156354
8.10140609741211 -31.073419636752327
11.563782691955566 -22.90356508378597
8.647127151489258 -26.70366430393218
11.977823257446289 -30.396112899946672
14.489668846130371 -17.92312505842323
8.534143447875977 -36.4824811059689
7.959656715393066 -28.52236713867491
11.282254219055176 -13.853657181278122
13.183185577392578 -22.991056974792222
5.953348159790039 -26.045009399993404
8.490797996520996 -28.544566048666905
11.226852416992188 -26.87321206397147
11.940045356750488 -29.93755226538711
13.102287292480469 -25.316581851208788
9.443123817443848 -21.255741212196376
5.278649806976318 -27.090412831755398
6.8941569328308105 -12.8951540198333
8.759733200073242 -30.597708129708042
5.710557460784912 -28.82678606725402
10.002704620361328 -26.258956936451522
13.756717681884766 -22.02391683827588
5.980437278747559 -31.220585120250284
10.099246978759766 -19.993554763172725
8.738570213317871 -20.786017306847324
11.789778709411621 -23.849681935087204
12.366792678833008 -13.979381674406074
11.06563663482666 -31.123109622719166
7.94044303894043 -28.99300267994778
7.588912487030029 -19.20549037086609
12.333507537841797 -23.904978473608907
10.26925277709961 -26.596109944310122
9.765829086303711 -20.84917972075364
10.506720542907715 -13.383545553430379
8.848234176635742 -23.484326457646763
7.951623439788818 -25.404897731808298
8.918808937072754 -31.966402147650644
8.069183349609375 -22.547145440863336
10.308029174804688 -26.270580867199264
9.489034652709961 -30.531165462644854
12.878385543823242 -22.866575732769306
15.387792587280273 -26.11520707487811
11.80954360961914 -25.15333776108585
12.16173267364502 -19.7603992143089
9.72537899017334 -27.329094870311792
9.525474548339844 -23.83021136467228
11.160839080810547 -16.373140387290796
11.758679389953613 -31.1185546919221
6.585566520690918 -29.680005513002705
9.318923950195312 -32.43293290420627
10.763983726501465 -19.0640311140541
9.677875518798828 -24.962751177725178
10.108699798583984 -15.493812524202163
10.050416946411133 -27.027640064908994
7.82100248336792 -21.439012923457927
12.833419799804688 -29.571406582884567
12.164803504943848 -19.67324941412498
7.178075790405273 -23.095314046439576
10.603260040283203 -26.70946934894216
10.297513961791992 -25.5147745915306
10.867743492126465 -22.57890058079523
12.947870254516602 -13.007491868022775
13.775846481323242 -16.749535849559088
13.560644149780273 -22.01125376365223
9.019034385681152 -25.91775439384537
10.594724655151367 -23.47976167904783
10.716547966003418 -17.569597676726147
12.859307289123535 -11.371261613811189
12.977025985717773 -25.950911574849627
6.341700553894043 -21.397473295849167
13.16710376739502 -25.016918855434657
14.803385734558105 -22.613682524075337
10.93349838256836 -29.90581847055801
9.556718826293945 -32.405705058540605
12.02238655090332 -18.28848648517412
9.003277778625488 -19.779054799695416
7.924961090087891 -30.088548991108652
11.593962669372559 -30.184950519437663
8.753277778625488 -26.83624049080194
9.8798246383667 -22.347312799910355
13.937288284301758 -10.875999607190504
9.198841094970703 -20.625930277094113
11.628545761108398 -16.59479460076007
9.727962493896484 -18.79831622801373
10.798517227172852 -20.37440375402742
10.321484565734863 -18.73115338652172
8.004107475280762 -19.987458855900258
9.042403221130371 -25.85417476981326
9.35747241973877 -32.955860331508674
13.371147155761719 -20.718469401161173
13.379627227783203 -28.30335627445436
11.546286582946777 -16.107295862216972
10.115994453430176 -28.294535461658242
11.165619850158691 -22.434964440848514
11.857747077941895 -36.92943078150857
11.545201301574707 -22.38769682033705
9.201096534729004 -44.20624511616963
10.131030082702637 -26.99506191124909
9.709357261657715 -15.282445407274091
8.853961944580078 -25.75297122701649
13.01242446899414 -19.23893349868132
10.80683422088623 -25.403849218998747
11.766358375549316 -21.33253593904336
9.953607559204102 -25.923867097310417
9.500473976135254 -34.48752321539267
10.513136863708496 -23.499707748841757
11.352242469787598 -20.35621048033403
14.158564567565918 -26.226254454875047
12.045307159423828 -22.905391105975177
13.676159858703613 -20.567310388629743
9.66773796081543 -19.50695770878918
9.799856185913086 -22.748917409102383
12.122385025024414 -12.614543230504047
9.982125282287598 -18.46060290108171
11.970897674560547 -25.602551950851534
8.549723625183105 -21.03329932550882
6.88481330871582 -30.121818246073623
12.975603103637695 -29.536265012462906
12.654243469238281 -17.085562105173768
9.50448226928711 -27.964633472524167
10.07422161102295 -17.874649966037662
9.300941467285156 -14.068930523371487
10.169089317321777 -21.41681527054472
13.111837387084961 -39.548978782705156
8.949156761169434 -13.240250424595922
9.539926528930664 -30.72168802819354
5.239314079284668 -30.493656470476324
7.400750637054443 -16.56656614291584
9.696892738342285 -26.21140969644703
14.322035789489746 -21.89311689314566
9.345634460449219 -24.86585648623714
13.785985946655273 -24.47359704555184
8.007146835327148 -24.951256781245277
9.252534866333008 -21.801437499488237
11.666763305664062 -26.076151076313643
10.635041236877441 -19.562658494316608
7.838948726654053 -24.403844778995065
9.606904029846191 -32.24910997866861
7.582201957702637 -19.30116754234676
8.12835693359375 -21.382517105704526
11.915200233459473 -18.577643304632076
7.322434902191162 -25.624632052860058
13.880098342895508 -22.20034489268136
9.874524116516113 -19.66535854158592
9.569804191589355 -35.976428176485825
11.007096290588379 -19.006575865360038
10.016304016113281 -15.706772037314451
14.274630546569824 -14.980091204504857
8.892411231994629 -25.09066003804184
8.531469345092773 -17.817962413480245
12.127547264099121 -26.692997388385244
11.811179161071777 -28.067980412308785
13.590715408325195 -31.895842826437757
5.996967792510986 -26.215643801614483
9.802563667297363 -19.231975690293403
9.898465156555176 -31.499200923821224
8.85533618927002 -23.925776776085
12.137152671813965 -29.71951180985884
6.5076704025268555 -25.363639660421086
12.200419425964355 -16.304396582101994
9.058419227600098 -22.911133792596985
8.119894981384277 -21.88477286559984
9.118043899536133 -22.165895098235474
13.924640655517578 -26.569136780084165
13.536526679992676 -27.480554851915098
9.763978004455566 -14.490493590350994
9.330329895019531 -19.480099410032402
13.007401466369629 -23.517364965145408
13.341939926147461 -21.844526855729292
7.352733135223389 -23.582532668195718
7.891512870788574 -26.099031803714478
10.672039031982422 -28.170587886864958
11.116703033447266 -21.100136269881713
9.31357479095459 -22.345444454992382
12.579930305480957 -24.80840456408302
13.430301666259766 -21.256392731967143
6.682197570800781 -27.92051613820418
12.588969230651855 -20.95059171072314
12.95689868927002 -29.47658992063382
11.391068458557129 -28.129672747733135
9.094488143920898 -16.33094125762704
11.091093063354492 -21.47844564699208
13.306498527526855 -20.23860075786642
7.912985324859619 -30.533628103872605
11.991584777832031 -22.80858355145418
12.777195930480957 -16.07945053259492
11.54094123840332 -20.35253500580655
9.232908248901367 -22.557028782022602
8.412248611450195 -29.741534730205494
12.841447830200195 -19.945218234135915
7.690981864929199 -30.400542177754485
12.002267837524414 -23.429317165780144
15.666062355041504 -21.679681325986095
13.614296913146973 -33.36563539277173
11.62543773651123 -26.074505878849422
10.408967971801758 -29.559878252823765
11.422940254211426 -26.391911281475615
5.675986289978027 -19.50302006289366
10.52646255493164 -23.125802543494608
7.4254937171936035 -26.782248730363314
8.8468599319458 -31.386885482227814
11.509681701660156 -18.588764882455628
12.327069282531738 -30.639247636607593
13.214229583740234 -21.20405387981124
12.439885139465332 -23.113900273734714
10.895153045654297 -30.59391002716102
12.686473846435547 -28.298989660545338
10.48318099975586 -26.393766165937837
7.464700222015381 -14.0076669278776
10.221718788146973 -21.463637145145317
12.220575332641602 -23.69897929633403
8.963227272033691 -22.72893887976603
12.855607032775879 -27.971220589375747
13.64732551574707 -25.481393412363744
12.21328067779541 -12.034664570193208
10.398167610168457 -25.075593979005767
11.712831497192383 -22.069936696101497
10.82665729522705 -23.56717235145799
11.376045227050781 -22.78531862768288
15.785053253173828 -23.44350541461785
9.426457405090332 -18.043950342598922
9.504293441772461 -29.90558284227729
15.482353210449219 -18.560285498149938
7.777510643005371 -24.28876635101271
11.867719650268555 -20.72908640349284
10.294626235961914 -24.809217298626898
14.6566801071167 -23.367745804840837
16.121469497680664 -22.77646201908858
10.069215774536133 -15.74993972172934
12.29773998260498 -15.698400179720242
11.03779125213623 -23.851916639506236
7.3525543212890625 -25.517763136927286
10.755959510803223 -33.81458412088934
14.607473373413086 -30.847229453537437
9.858537673950195 -36.29533177764312
9.519140243530273 -22.953317306846834
13.063907623291016 -21.911127236186573
10.670536994934082 -12.999934529257454
9.997480392456055 -24.404938787213943
8.899291038513184 -22.649522162890126
8.542762756347656 -23.913574156404813
14.037874221801758 -33.86252341734919
9.986688613891602 -22.679204217674982
7.910923004150391 -22.8978441616889
12.265839576721191 -18.150767258956343
13.36496353149414 -29.099454214784966
10.152813911437988 -19.54982438969552
10.252979278564453 -21.365940920526654
8.756494522094727 -28.555268720151183
11.30650806427002 -29.577168938732
11.6080961227417 -21.368024270651524
9.802278518676758 -19.65161287203565
7.895573139190674 -25.68107831023793
10.310853004455566 -37.29577776890599
11.64061450958252 -23.060900490716463
12.35508918762207 -33.7227480353215
13.217381477355957 -25.20880149401531
5.799826622009277 -28.182095696964534
5.164505481719971 -21.166407113622057
7.385934829711914 -23.032448555286187
13.826848030090332 -27.337953233349793
14.232154846191406 -29.17457216500341
10.377420425415039 -23.965956972975654
12.596101760864258 -30.407670657960903
11.736956596374512 -27.474175709913467
12.32903003692627 -21.273308146274147
10.302135467529297 -23.99623582915796
12.271726608276367 -21.674142174598366
5.992783546447754 -25.68230259761559
9.880431175231934 -26.01987067503295
12.742536544799805 -15.862362168691998
11.99390697479248 -31.991386445251035
8.246337890625 -21.737241388002463
6.117993354797363 -24.687438673834574
9.37511920928955 -25.450449213474084
11.598039627075195 -26.24184249207866
9.810741424560547 -19.791109675608723
10.901029586791992 -22.824935129876778
12.055656433105469 -38.60677821613876
9.011609077453613 -28.467255938424934
12.958383560180664 -33.236338419514084
13.088035583496094 -23.83125144795799
11.06458568572998 -27.43687376923465
12.608095169067383 -23.608043647428808
9.678311347961426 -20.88121607242668
14.457114219665527 -30.455557361052144
9.532448768615723 -26.318859308443177
12.211060523986816 -18.093750554015344
9.745689392089844 -31.832886758923085
9.561302185058594 -25.99411426708098
8.05498218536377 -31.52790830573248
9.214202880859375 -16.076747455610896
12.865277290344238 -23.129451145014677
9.230225563049316 -14.112249144297833
12.026851654052734 -28.56892207064888
8.180188179016113 -23.663326968738723
7.254458427429199 -23.91270981738005
12.958796501159668 -25.46230134838767
9.243083000183105 -20.09651307095639
10.256241798400879 -9.160566077205871
8.875694274902344 -13.881104402883427
10.471002578735352 -8.802419255468696
10.782257080078125 -28.470363785514422
14.704833030700684 -25.012375554118638
13.028770446777344 -13.973313289436586
9.626542091369629 -21.093405595693604
11.864208221435547 -20.16294596361401
13.08572006225586 -29.43907621957546
10.677586555480957 -31.77396255917401
13.974710464477539 -22.411645140955905
12.635774612426758 -28.414476315994342
8.63978385925293 -18.156672028473388
7.9393792152404785 -31.791084747916244
9.547486305236816 -11.70358042869873
8.870747566223145 -21.85730339909508
7.731642723083496 -17.881150599432413
9.02239990234375 -20.904520749448068
6.406632900238037 -35.91805739894292
12.285871505737305 -24.06157913999941
11.710038185119629 -25.957787770222524
13.986193656921387 -23.067348872408182
7.8065948486328125 -16.91210064532808
12.903164863586426 -27.969952356188195
12.869832992553711 -15.071558447089362
10.403334617614746 -24.99192692668119
9.680363655090332 -22.642549746228244
7.8610992431640625 -25.241627252724832
7.770814418792725 -24.80948687140449
13.172185897827148 -18.134590513914777
11.167393684387207 -11.689368676723978
12.564258575439453 -24.894074830370997
11.58727741241455 -26.97243318280914
10.559405326843262 -18.868424606910487
13.891357421875 -19.20322556107898
11.691728591918945 -25.430819233293775
12.520222663879395 -20.985269414951567
8.156184196472168 -31.50404191851972
9.369236946105957 -18.234426184223178
13.142406463623047 -24.810701773931907
11.89009952545166 -28.547581834377812
9.079644203186035 -17.934149863758154
11.295321464538574 -18.733648373830576
9.269477844238281 -21.241012384801206
12.945487976074219 -18.270469662883254
9.918071746826172 -21.989424007747317
12.7791109085083 -17.814986158822506
11.763633728027344 -20.918838618189888
11.74547004699707 -27.716559265549165
13.012393951416016 -21.594070759638598
12.489001274108887 -20.05898091879919
12.614922523498535 -15.273429034317
10.190333366394043 -15.19141792335111
10.64011001586914 -20.724440354953625
15.038705825805664 -23.56171740251498
13.984150886535645 -23.30984331388779
10.7793550491333 -27.410173620161544
7.875434875488281 -21.719166864755554
7.693820476531982 -18.16997866654199
13.368711471557617 -27.522531698532575
13.863962173461914 -22.03775199784913
9.962129592895508 -27.108919109780295
6.448170185089111 -17.822715298136288
11.985099792480469 -7.835005982269049
10.419283866882324 -21.201336197718057
10.986421585083008 -14.259320305640255
9.05153751373291 -26.0734468459615
9.216399192810059 -17.55439737427173
11.564166069030762 -16.991202201765713
13.550605773925781 -19.839077648994223
12.293590545654297 -21.125700981225958
12.372056007385254 -29.566774116300273
10.42538833618164 -17.078170026463724
8.565458297729492 -29.912592557967763
14.185781478881836 -19.14987363678568
10.641192436218262 -28.080212756462387
13.775032043457031 -23.41280021576209
14.747593879699707 -35.217072148551395
13.461359024047852 -29.37503884574751
12.217317581176758 -28.535546757095474
10.997346878051758 -24.762120531485184
9.159285545349121 -20.92404754786535
13.894231796264648 -23.300975637139487
9.67710018157959 -27.230651758486335
6.792274475097656 -24.625127771737567
9.12464427947998 -30.83352620281066
13.177106857299805 -24.832446020679612
11.658995628356934 -26.50990111527075
11.309415817260742 -26.272613516458613
9.592211723327637 -20.710659735994348
8.291510581970215 -34.469581794599655
8.832525253295898 -18.868543057509946
14.165050506591797 -20.82495167880015
14.47362232208252 -18.746421849506177
13.090665817260742 -27.148739301705987
13.157097816467285 -32.02491271707971
7.037200927734375 -25.691374399511346
6.7699079513549805 -22.085182088965112
11.840130805969238 -21.484460908522422
14.452154159545898 -25.82420325539939
7.339566707611084 -31.197945586512898
13.913387298583984 -22.5489523586059
10.790539741516113 -23.793790104714876
6.602158069610596 -22.22729948667306
8.099239349365234 -21.566504512682066
13.308157920837402 -17.32827167029026
10.909197807312012 -25.0152895405503
9.314301490783691 -30.08191420224795
10.694465637207031 -27.804358745394943
9.618640899658203 -24.249309328816555
12.727437019348145 -27.324055690513397
10.944891929626465 -22.189033879849617
8.184089660644531 -25.682182080664845
14.960582733154297 -16.971502006487487
11.154756546020508 -29.80403272460208
13.545166015625 -24.76448882975923
9.386761665344238 -17.25027737471744
12.879326820373535 -27.991643252775084
11.405583381652832 -16.159022092462465
12.469818115234375 -12.775742092490736
9.85896110534668 -25.605431696720657
9.635454177856445 -27.950879831747823
9.9548978805542 -25.446173123853686
9.439237594604492 -27.733399459073595
7.307501792907715 -18.32711805436562
9.702901840209961 -26.830068715762515
13.171741485595703 -19.103415419129725
8.191864967346191 -27.179138701770214
8.126386642456055 -21.39298441523068
14.954777717590332 -10.131363896773944
8.751901626586914 -31.26172994257987
11.296252250671387 -21.263729744726746
9.8701171875 -18.5508554268932
12.467672348022461 -12.078417615469956
8.335886001586914 -23.55139609916901
7.553300380706787 -19.21771100916567
13.495444297790527 -22.243673563639366
13.792762756347656 -19.988960263971293
10.195833206176758 -25.898304720071444
10.7542724609375 -21.08882835228553
11.659567832946777 -16.075800104241505
12.939723014831543 -18.242348465443456
12.836760520935059 -20.341241450657744
9.991453170776367 -18.909413561524445
10.6650390625 -23.37166445896826
11.631309509277344 -18.233897540640417
8.164809226989746 -13.42285316950238
11.252399444580078 -21.51561500784311
8.500688552856445 -17.702280720320353
8.40986156463623 -17.33385473070886
7.21953010559082 -24.99820306566448
9.17633056640625 -21.0291350836104
9.305740356445312 -27.923699399993883
12.314545631408691 -23.27436315456405
12.692890167236328 -21.103301223601783
11.648214340209961 -29.122497188269616
12.124235153198242 -22.657847386406246
10.068268775939941 -24.980667838066147
13.16392707824707 -13.693472847600955
6.589278221130371 -24.717354541413723
11.675941467285156 -27.723241183959622
13.928631782531738 -22.592848725625466
5.486827850341797 -21.77350287240401
11.480834007263184 -20.96497409878802
8.577698707580566 -19.993970510585214
12.451793670654297 -21.464970099747646
10.616986274719238 -20.634782919485865
12.635015487670898 -20.676186337304806
11.811412811279297 -23.919747809877066
12.756203651428223 -22.208146476593768
8.341187477111816 -33.84304328432151
11.196006774902344 -21.513894205329027
9.387884140014648 -27.304775886276175
13.051227569580078 -19.78186905685664
11.39735221862793 -17.606970906088343
10.567987442016602 -22.849497332891985
13.250885009765625 -30.117187938817537
14.208807945251465 -20.995253316172537
11.027449607849121 -25.54911546455513
13.856283187866211 -18.607950477940832
13.83466911315918 -23.382745420033494
9.830877304077148 -39.44579764972499
8.644552230834961 -24.45735538474551
6.907410621643066 -25.409420357127576
12.525800704956055 -21.578158183327062
11.397583961486816 -22.111956755603423
9.48277759552002 -23.719041730958192
9.15260124206543 -23.858431272450296
10.591887474060059 -26.2850264527244
11.290177345275879 -16.327100188875864
10.196950912475586 -20.62219466810649
8.17182731628418 -23.91870317967306
7.74708366394043 -25.101618657568086
10.404991149902344 -22.027127448557273
13.294771194458008 -18.941609887676883
10.809980392456055 -30.947334862269066
13.356852531433105 -23.305534746352055
10.253725051879883 -26.804036851017297
8.855384826660156 -14.506721559814883
14.025471687316895 -24.05191754635591
12.242996215820312 -32.275234128652265
9.138547897338867 -24.518925264837193
11.018342018127441 -19.334497037785418
12.94237995147705 -25.92909660103873
9.76575756072998 -31.65545715037587
10.34136962890625 -29.966198010716823
9.89773941040039 -20.252439727705152
13.464512825012207 -22.224981368012728
8.620777130126953 -23.54828120285592
11.464254379272461 -25.697914106069987
8.678253173828125 -24.151242894007684
12.753546714782715 -24.545804623625855
8.419710159301758 -25.791975037487948
13.009696960449219 -22.585821654112248
8.932345390319824 -30.702461484219317
10.064104080200195 -15.359813182132651
14.263046264648438 -24.46345263437237
7.1878767013549805 -29.35400633797591
8.168033599853516 -31.202289351484918
10.11880874633789 -28.224685556277265
12.808075904846191 -20.150189734662998
6.529638290405273 -16.77413358934417
12.421406745910645 -16.93685995371959
10.51284122467041 -18.650415489772545
12.604074478149414 -25.769619089557942
12.465873718261719 -35.24985895544606
12.864593505859375 -24.883453780709438
13.771360397338867 -22.1512289612148
10.424083709716797 -34.083335476643356
7.28629207611084 -23.649027871868544
11.554512977600098 -21.637411253381398
10.455730438232422 -26.947701318663086
14.58400821685791 -19.70486268354502
7.340008735656738 -23.18106502497367
13.382251739501953 -19.68543409052388
10.395997047424316 -20.943937051517025
13.007953643798828 -22.57613479320551
9.850069046020508 -23.7033324562156
13.811664581298828 -24.859824852514713
8.592011451721191 -23.26305351732463
11.934814453125 -26.55066987651228
6.3052144050598145 -23.374036083027207
13.306353569030762 -24.758644656978746
13.592904090881348 -23.79694085527003
8.133849143981934 -24.40551863475903
11.608625411987305 -22.076318142341403
9.064494132995605 -25.56141667508185
10.505095481872559 -23.562117868008233
8.99741268157959 -17.53700144868167
10.930949211120605 -20.0658148344439
12.783784866333008 -26.654811027474608
8.842555046081543 -32.245751515258384
10.994428634643555 -19.968579704550812
12.330816268920898 -29.245358289039483
11.785158157348633 -15.896237282054052
15.412083625793457 -21.777238038342972
8.923348426818848 -21.655374421919923
5.37761116027832 -21.669419955632474
14.644558906555176 -20.370099926243203
11.384034156799316 -15.301030568431365
6.592959880828857 -31.67578282294609
11.216598510742188 -24.2331029910142
10.56303596496582 -26.918095032670152
11.467591285705566 -14.072399987729156
7.827775955200195 -27.543177394956718
6.72618293762207 -24.37968022927025
9.121099472045898 -28.55580028948993
9.531637191772461 -28.17135865663815
14.838421821594238 -22.828189452814037
9.686613082885742 -20.994054325177654
9.670647621154785 -26.69386728365089
12.394909858703613 -22.335392723707322
11.280701637268066 -16.640990118016518
10.385679244995117 -19.71464507273865
14.312755584716797 -15.09295736617188
7.763634204864502 -19.959601386324145
12.510470390319824 -25.22172466243169
12.736773490905762 -22.60881628581692
12.808736801147461 -26.37527629121835
12.242955207824707 -18.842919688585027
12.336516380310059 -13.686658839877836
11.42888069152832 -27.6760519724269
10.16169548034668 -23.951333655996883
7.880177021026611 -28.458825281088235
13.00806999206543 -13.467790099361018
7.171724319458008 -21.050965842718767
6.761777877807617 -29.969871039170368
10.56691837310791 -29.783989679699808
12.386260032653809 -18.19312162154285
10.992022514343262 -21.86338125024891
10.336126327514648 -16.15251073239947
12.136022567749023 -20.84932051469988
9.186796188354492 -26.827519120701865
9.85090446472168 -17.526778135994547
11.126251220703125 -26.057323852558497
12.29686450958252 -19.671322113123217
9.291605949401855 -26.656995116538138
7.194058895111084 -20.386391705159777
14.613274574279785 -27.962885767551658
7.213504791259766 -11.212723452052675
11.210615158081055 -15.753347041390612
12.427659034729004 -20.944054329950237
13.572168350219727 -30.166060788230467
11.846650123596191 -20.977402882577195
10.676466941833496 -32.46950839696185
8.627904891967773 -21.30517168714968
13.351637840270996 -24.99992717976925
13.937647819519043 -19.062701877987053
13.337416648864746 -25.111656621469194
14.3182373046875 -26.15577995959507
10.848207473754883 -14.757612166504986
13.678598403930664 -30.558983890730964
11.861503601074219 -19.749653836572932
14.304108619689941 -18.07942658709041
10.972925186157227 -24.288722497988132
8.819209098815918 -22.281825901241323
8.978954315185547 -11.23393032429424
12.153177261352539 -28.2865226397043
10.326730728149414 -28.276063483048596
13.387868881225586 -19.311537427626007
15.230081558227539 -26.187001839932265
11.204328536987305 -15.69740621549185
12.68370532989502 -24.670647297849467
10.825637817382812 -30.760576469984397
15.685529708862305 -18.804159869728093
8.547292709350586 -17.615490626671637
13.699530601501465 -20.312870390690136
9.459320068359375 -20.706067713675402
7.5003132820129395 -23.665415022968467
11.24173641204834 -23.960115856652664
13.009308815002441 -24.95137900136214
11.811628341674805 -20.959677556694846
6.2900285720825195 -21.9536585544862
12.86500358581543 -23.954695990166798
5.087683200836182 -22.5745992311928
14.069592475891113 -28.874883267318243
10.69106674194336 -24.40970133218214
7.3255696296691895 -21.445286793531736
10.474225044250488 -39.48584890419657
9.063265800476074 -17.194280014634145
10.431517601013184 -31.170799625539715
6.518563270568848 -25.86151612875304
12.474746704101562 -29.950077306222504
9.515823364257812 -24.217642915133045
7.386585235595703 -21.653520309532766
9.051712989807129 -22.106380485855844
9.77304744720459 -24.820194434810226
5.956396102905273 -17.626235538293713
10.939789772033691 -25.474702501437314
8.594257354736328 -26.052523834090483
9.020812034606934 -25.491673406070756
14.02828311920166 -24.622545618031165
11.276453971862793 -31.749820715683388
12.139507293701172 -15.30786632449472
10.06369400024414 -16.383045492598804
10.157407760620117 -22.05935915657236
9.223118782043457 -20.6796315341319
9.805595397949219 -11.206766783743502
10.621082305908203 -25.641789677894586
10.93762493133545 -17.088932435973256
12.915177345275879 -26.962069111679405
7.719308376312256 -34.53351277956906
9.915468215942383 -16.096404079540587
8.334041595458984 -36.52241971589197
10.770676612854004 -14.738801077150935
12.993196487426758 -25.039167635499403
11.12796688079834 -14.377139892612245
9.653547286987305 -35.8191144916507
9.105398178100586 -28.96932688403842
10.069963455200195 -28.42204112373859
13.989240646362305 -25.976199782332056
10.747415542602539 -22.13014166501772
6.628568649291992 -28.664274730939994
8.154314994812012 -24.674987518441508
7.2676167488098145 -23.316922641440605
10.73580551147461 -26.501794997806066
12.443635940551758 -23.110373685582893
10.99423885345459 -30.01507840385931
10.966142654418945 -17.040554387464397
12.303597450256348 -23.851908723131366
7.109411716461182 -26.370481262640084
10.123287200927734 -20.91973833210838
11.587058067321777 -20.61365396446398
9.670467376708984 -38.057268861141324
10.289426803588867 -22.20888130948598
7.488450527191162 -27.306523338687413
4.470695495605469 -22.61917489118567
10.71235466003418 -28.253889395919188
9.636152267456055 -25.13235856044932
8.860729217529297 -31.933773706325425
12.84280776977539 -23.715305892665214
9.963302612304688 -26.40318578104777
14.765756607055664 -15.993365220261786
10.940930366516113 -22.76507336334511
11.939334869384766 -36.3993088577392
10.955782890319824 -20.33299045581188
11.95872974395752 -18.307830666328044
5.6151509284973145 -16.726374172365773
14.957243919372559 -22.736983065783946
13.902606010437012 -26.311440659336107
7.580214977264404 -27.693607306992483
7.792801380157471 -25.41437203357495
6.995170593261719 -25.557263527030393
9.699464797973633 -27.099574390080548
8.168500900268555 -22.312463798006615
10.773971557617188 -24.76004315667505
11.975747108459473 -22.360665315195174
9.796390533447266 -22.731409861477566
8.104147911071777 -17.34882054824182
13.328201293945312 -22.05177787914581
10.31710433959961 -32.54276684946208
8.953620910644531 -26.79271500089661
11.165497779846191 -12.565478549840615
7.8684210777282715 -21.42603986590716
9.990238189697266 -21.5851732891063
12.321707725524902 -34.34609139398589
11.07930850982666 -19.354328068335363
12.519664764404297 -22.657906960441615
12.368107795715332 -25.19243353923836
9.927392959594727 -15.617715061520752
7.592110633850098 -13.953055631545961
12.061260223388672 -19.33239349330322
13.405022621154785 -21.4510146739102
15.198172569274902 -17.890929600533152
14.323468208312988 -18.452960493811094
9.023477554321289 -32.129162125620525
12.771025657653809 -35.69064460518264
9.363368034362793 -26.3101136640188
10.829558372497559 -19.584996926389444
9.785140991210938 -29.436243089950686
12.143406867980957 -20.44510723308064
12.559088706970215 -24.53395983489677
13.514799118041992 -14.870461219014413
14.72436809539795 -20.491129375929255
8.45868968963623 -24.895454432437965
7.9374260902404785 -23.30696971210069
14.661612510681152 -24.119341977671166
9.159892082214355 -27.28815532446055
12.500322341918945 -18.0303348458518
11.681662559509277 -24.99490060499005
10.374776840209961 -22.441322059665907
11.761768341064453 -27.863603722711662
10.217314720153809 -16.151811218021816
10.037440299987793 -18.810255002160254
14.972517967224121 -23.280443058386325
11.995573043823242 -17.680974138880213
8.211784362792969 -22.17456224381226
10.419589042663574 -21.145630112943394
8.268707275390625 -31.20021827736833
13.132379531860352 -31.015166054939073
9.679665565490723 -21.93617682576582
12.297462463378906 -19.266857106229153
6.151252746582031 -29.273159202376576
9.549555778503418 -26.864752101064827
12.409099578857422 -20.357138407945282
8.376157760620117 -33.15880374663784
8.208430290222168 -21.169293003712845
11.399428367614746 -38.22196735982513
7.608536720275879 -29.449552609373068
10.444559097290039 -25.43945108261277
9.85230827331543 -26.641523513577972
7.5128326416015625 -28.05817952841697
7.634585380554199 -22.233929992413977
8.955720901489258 -18.933412943002374
11.357368469238281 -29.045062225007594
9.02661418914795 -16.344552910238523
12.138444900512695 -21.247845204308728
12.505179405212402 -20.147610434402594
9.609158515930176 -17.708272908770237
10.09286117553711 -23.184683587598407
13.324241638183594 -16.940126241701236
10.836660385131836 -32.49451061506996
11.197123527526855 -21.856135838046576
10.015220642089844 -20.030758399495063
14.657665252685547 -21.227524096475506
12.916105270385742 -15.948060291603134
12.461088180541992 -23.3459584002227
13.304731369018555 -27.13530694126469
11.320357322692871 -22.85900865353174
11.905729293823242 -23.10163470351936
11.384140968322754 -30.26962776555456
11.639575958251953 -15.327234385890007
8.500072479248047 -17.537559227989977
13.631790161132812 -30.05325745444496
10.31365966796875 -33.11336036400584
11.004928588867188 -18.61050739403862
15.749653816223145 -14.580058341559273
9.110036849975586 -17.468863932219243
8.568474769592285 -25.704903104048768
13.79635238647461 -21.404602940496705
13.872241020202637 -13.808217557055467
7.495416641235352 -26.069684671502927
13.042497634887695 -20.162427523045892
8.945629119873047 -33.92682552059613
11.462060928344727 -26.406763388195046
10.085982322692871 -18.243647180132623
8.053462982177734 -29.28169897174882
8.794190406799316 -29.708458568945183
9.093559265136719 -28.20304311222768
12.975088119506836 -21.72098143307619
9.805068016052246 -16.065105493529074
10.450295448303223 -28.481652287647954
9.152915000915527 -21.484814393416023
11.02538013458252 -22.571013017247118
7.9408183097839355 -22.34637827717807
13.212727546691895 -22.338843859963884
9.501091003417969 -21.309609408315104
12.578446388244629 -20.785038755315917
10.306702613830566 -29.290691322395183
9.911210060119629 -13.255807836568884
14.123589515686035 -13.860884557980045
8.915079116821289 -23.882247880434946
11.45504093170166 -22.4714152539969
11.927424430847168 -23.578233494872308
13.775264739990234 -20.33623192119347
9.173144340515137 -21.11901079263363
12.849983215332031 -21.96238083707764
8.33039665222168 -22.95377795913947
8.032732009887695 -24.25983411153516
13.781947135925293 -25.34429902982216
14.201203346252441 -31.223312603022723
13.503043174743652 -15.95723009899283
9.430200576782227 -23.743950949764418
12.685741424560547 -24.1371826817662
8.30093765258789 -26.036363164802793
8.957756042480469 -30.558045258000895
12.095802307128906 -28.337183501118254
13.959662437438965 -26.711557602272645
10.08309268951416 -23.663037159139492
8.043288230895996 -16.70155686858635
5.898506164550781 -23.645470204690373
13.125362396240234 -23.166724955617706
7.21884822845459 -22.567043401876578
12.63806438446045 -12.145790314181678
13.208747863769531 -20.02200925789385
12.570862770080566 -22.30944817250574
9.289263725280762 -25.65786254936824
10.27157211303711 -33.055858094257914
13.180617332458496 -17.580235135486106
12.56873607635498 -21.438272584282686
14.327284812927246 -18.822637412415524
13.323684692382812 -28.401234870654868
8.7660493850708 -17.041586667803625
10.076211929321289 -29.009042125434725
10.495631217956543 -23.597264645074272
10.108698844909668 -23.933287190427727
14.429476737976074 -21.53473925130671
11.88717269897461 -19.56404946538722
13.370018005371094 -30.781714710348766
7.368832111358643 -17.79136553143035
10.590087890625 -36.3587777050117
12.719013214111328 -22.426063381866285
13.087404251098633 -38.574162030837115
9.962185859680176 -22.464619464401906
7.5596160888671875 -25.384709178973644
13.661008834838867 -18.480377107084465
8.979029655456543 -21.87310186075923
10.069416046142578 -20.384761636237066
9.044881820678711 -27.276324202088734
9.957201957702637 -21.883173256340264
13.812749862670898 -29.301827390725474
11.81491470336914 -18.806254260355818
5.635124206542969 -29.605865222170245
6.470086574554443 -22.345614970385583
13.052889823913574 -22.800993225398187
10.085382461547852 -22.57413450789049
9.67470645904541 -27.099160873704484
13.295352935791016 -24.459660034578253
8.185870170593262 -27.125750273232967
10.348816871643066 -27.459412126800807
8.78417682647705 -23.620387027430866
12.17158317565918 -19.908196871042026
10.186901092529297 -18.877258594366797
7.303330898284912 -27.169960914834235
7.394245147705078 -21.325880970549857
12.97503662109375 -13.194183451970034
13.822711944580078 -26.463932632196464
12.124719619750977 -28.812878812375253
8.614773750305176 -21.936768033427086
12.054391860961914 -22.206673079745144
13.017233848571777 -26.578939649791266
14.144373893737793 -23.97229209116071
15.169974327087402 -22.4026241157482
10.901068687438965 -27.151915125123626
9.152414321899414 -27.275864713693636
7.871587753295898 -27.07309933010736
14.014760971069336 -23.093874173151253
10.152304649353027 -20.497809105230715
13.290445327758789 -19.33828966963766
9.224671363830566 -30.156081073434123
12.97457504272461 -16.050438049889152
9.42281723022461 -33.35686507620129
9.715086936950684 -26.592515583485746
15.475214958190918 -22.294583927605096
9.621255874633789 -30.152941461590853
10.334369659423828 -25.986433192480206
9.120126724243164 -18.087588724990493
10.330703735351562 -24.646204890717758
10.63075065612793 -23.015308480045448
10.374966621398926 -26.234400187005726
12.96418285369873 -29.134206262276336
14.088644027709961 -27.34910171986818
11.842676162719727 -30.76451315646822
10.65125560760498 -20.317412665344786
12.372286796569824 -15.285099628825
11.820250511169434 -26.46206132632492
11.636996269226074 -27.0465550759021
9.577404022216797 -17.714074124015383
11.538342475891113 -31.697915977641493
7.1660542488098145 -21.410909718148602
10.28338623046875 -18.932239445803038
5.08037805557251 -29.665078963037626
10.373058319091797 -20.45559567832828
12.035224914550781 -24.71730523447101
9.70932674407959 -24.428932372081263
7.494041919708252 -16.317542515600522
14.711710929870605 -27.020736799848333
8.896008491516113 -25.326499213474847
9.735092163085938 -29.29262501019371
8.671525001525879 -22.616488725561638
8.741668701171875 -39.37116840911541
7.58721399307251 -11.560015118288273
14.095937728881836 -24.150880240080618
10.505940437316895 -21.95198103319503
7.085544109344482 -26.966733976242857
7.00136661529541 -21.783703863513356
9.710247039794922 -23.602354945959817
9.798735618591309 -26.159683757812438
7.961028575897217 -24.84526668649004
11.423120498657227 -18.818120738043557
10.459677696228027 -23.221072210648096
7.304723739624023 -21.429191065383794
9.981901168823242 -21.143838143908894
8.365496635437012 -14.21603231273167
13.378813743591309 -25.443900692567524
10.514739036560059 -21.80491255299293
11.183324813842773 -17.704174458005244
8.753067016601562 -30.89412741378006
8.541431427001953 -18.801573083388142
12.025338172912598 -28.352882473390107
12.715533256530762 -25.38973100740916
11.507668495178223 -21.230455857917164
13.081047058105469 -17.974234629284773
10.25179672241211 -40.04247832053024
8.690577507019043 -24.252205539492607
10.685043334960938 -27.132546631480686
11.52672004699707 -12.41583253383733
13.284473419189453 -27.71603077963883
11.69809341430664 -25.962081102398134
14.69355297088623 -31.214062531619447
10.21519947052002 -24.053533929326182
11.359574317932129 -21.82879763381859
14.904975891113281 -10.817940736399724
11.752593994140625 -10.553110618210898
10.088510513305664 -17.227533717644736
14.03357982635498 -16.719435409364564
8.98875617980957 -17.902322326656673
9.199618339538574 -22.752767089002642
6.7491068840026855 -16.86090370404098
12.811065673828125 -23.794402015237207
9.91102409362793 -21.557675094358622
13.431453704833984 -23.525738535654718
11.958456039428711 -28.162898409948642
13.501577377319336 -21.450962850268944
8.644159317016602 -20.032972388435162
10.249236106872559 -21.510226690577156
8.673970222473145 -24.518200680369976
13.567107200622559 -27.55806176702529
10.617581367492676 -20.058274345446872
14.745882987976074 -23.416645754800328
12.578167915344238 -22.23805209875384
7.749003887176514 -27.72683500813126
9.70612621307373 -21.427181521096927
10.57380485534668 -27.757287587298666
12.292510986328125 -22.399780391539267
8.441925048828125 -19.32998340135563
8.664487838745117 -31.370070672160907
11.079997062683105 -27.173750779102388
12.556066513061523 -13.495832998629028
11.08420181274414 -24.0747616265069
6.334537982940674 -22.731304846496936
11.771342277526855 -27.771866640765115
8.848543167114258 -29.610508351130115
10.360353469848633 -17.821745005504116
10.550130844116211 -28.849643764495813
8.8263521194458 -28.909425183170434
9.528438568115234 -15.083593152477125
9.0318021774292 -24.145024910865246
5.085191249847412 -23.872716152848998
15.151744842529297 -22.178841660778467
15.416667938232422 -28.922427068993933
9.203426361083984 -16.542402159148402
8.779088973999023 -27.345941059665762
13.0418701171875 -20.173119234736284
13.005620002746582 -19.96002054289355
10.760695457458496 -27.33760732059274
11.91404914855957 -19.213298570020577
10.258692741394043 -20.421268499310944
9.820366859436035 -23.846172460724087
12.309250831604004 -23.09791967168713
13.298924446105957 -27.016770549092087
14.17135238647461 -22.315003963976267
10.026917457580566 -21.145155798802726
9.98349666595459 -21.587650570146515
13.364725112915039 -22.28538201962156
9.76994514465332 -32.04460263526897
12.703021049499512 -23.119701068417267
12.29610538482666 -26.708080338834062
14.068469047546387 -26.27537900146497
11.15240478515625 -29.437940155625252
9.700757026672363 -21.235195001031077
10.952898025512695 -20.714519830997986
13.005120277404785 -19.923503702438964
11.257298469543457 -14.84747826768508
6.921270370483398 -22.76362822616247
9.592389106750488 -25.39023788791418
8.889078140258789 -24.59443851038682
11.901386260986328 -26.79563445580775
12.556632995605469 -27.047129357934523
8.52558708190918 -21.701520962767276
10.897690773010254 -22.4629483935206
9.859945297241211 -28.43381039227111
12.403816223144531 -14.09654677206694
12.73513126373291 -18.88182406492372
8.290637016296387 -25.368723053744937
11.75429630279541 -18.89733305983507
12.324348449707031 -24.895323915701745
11.246611595153809 -20.652901877457648
14.303616523742676 -18.274618512783587
12.993365287780762 -41.030900777801946
8.834994316101074 -30.60483312200067
9.491165161132812 -26.36452127896675
9.915223121643066 -28.875752494883805
7.999323844909668 -25.895944969542533
7.64035177230835 -19.226366674612215
11.988689422607422 -21.360855235844184
8.465319633483887 -24.777510674400865
10.689146995544434 -25.792639733955443
10.722249031066895 -24.641752103181354
12.397615432739258 -11.926653969353463
10.841797828674316 -24.01817296175327
10.247110366821289 -16.803535213534804
10.969482421875 -16.881220283764996
8.066690444946289 -17.100813161828594
13.129894256591797 -18.050511225580152
10.696494102478027 -20.095149433291603
10.535806655883789 -13.28882042359094
12.42302417755127 -29.164937432063997
13.255802154541016 -23.4836612019105
13.165746688842773 -21.69026992863121
8.842562675476074 -24.87678423703216
9.505669593811035 -22.88940033689056
13.123198509216309 -21.118652993055573
12.181195259094238 -22.572645651605526
13.926501274108887 -25.216335179703545
16.63298797607422 -26.36406993317967
10.7195405960083 -31.51843976087278
9.497343063354492 -19.955604819090315
12.083075523376465 -22.285858535531638
13.31147289276123 -13.951101262680897
12.882792472839355 -22.39842125518242
8.7155179977417 -28.818394597917177
13.834843635559082 -19.804054750764394
5.990666389465332 -27.772722270972633
12.468859672546387 -19.091058115384875
14.146357536315918 -21.510349105719186
9.35322380065918 -27.962899294139625
13.392016410827637 -17.537704194776474
12.34679126739502 -20.998362538253524
11.605598449707031 -15.66246960530972
8.527326583862305 -23.519953316872908
8.595606803894043 -21.734452274436784
9.039446830749512 -29.049979883040024
11.72443962097168 -20.968076031230915
12.10757064819336 -22.386223204779313
10.587363243103027 -35.13200511359484
8.577849388122559 -28.631763922057303
7.515925407409668 -16.964843456364907
8.706184387207031 -19.727022107289848
11.828396797180176 -16.94525320002179
12.162667274475098 -20.731595119078474
10.593565940856934 -23.557539649325165
9.1109619140625 -19.630873090874807
11.731457710266113 -21.429466877678667
4.977524757385254 -22.290756177434616
10.799474716186523 -32.442236660485634
10.882394790649414 -23.805296117272405
7.15383243560791 -30.15375080597907
10.35413646697998 -31.58437159803964
10.757806777954102 -19.521100376132864
9.987699508666992 -25.046461367655844
10.611530303955078 -24.39564058857977
11.711134910583496 -16.29983739967549
10.339831352233887 -33.379137363968006
9.495625495910645 -23.959533984049347
5.573421001434326 -21.86052060903807
13.33154582977295 -21.285904374690432
10.790228843688965 -22.581096262349412
11.622578620910645 -26.010167086536853
9.015972137451172 -19.685112896763872
9.010778427124023 -31.818614261636675
15.193684577941895 -29.496509276987002
10.989057540893555 -24.514398807370007
7.317822456359863 -26.396312376516907
12.279912948608398 -26.01616933627937
12.36577033996582 -25.29219628075787
11.218667984008789 -28.202805563335424
9.944493293762207 -26.33305577063979
9.017251014709473 -23.581705291193412
13.430659294128418 -26.284041387203757
10.09685230255127 -24.119910614771264
15.05077838897705 -20.469492554787454
10.05688762664795 -24.17389573717563
13.616057395935059 -26.209017053452033
7.770312786102295 -32.81314843406034
9.073456764221191 -16.071541532628952
11.872414588928223 -33.21194626868126
13.535883903503418 -19.158357012053838
13.084601402282715 -31.50398638852934
9.064717292785645 -28.851556156575757
12.991264343261719 -29.97450053395786
10.843083381652832 -23.906836335708384
10.984688758850098 -19.7120492278546
10.658160209655762 -22.02697231068922
13.593745231628418 -12.161741699434362
8.007454872131348 -26.412057978264418
9.932235717773438 -25.54209212543228
10.113197326660156 -20.84859457235077
9.95118522644043 -27.499952121179813
9.0775785446167 -19.4836970913894
9.013663291931152 -13.518255923545107
13.138986587524414 -31.755845564340675
7.574704170227051 -30.040331201924758
13.014421463012695 -23.62520287273922
9.58206844329834 -17.517230964599644
10.621805191040039 -20.455735057512328
14.104766845703125 -13.150397116842505
9.246591567993164 -25.03374901353807
12.364713668823242 -18.375877394329514
10.392180442810059 -30.817287411991416
14.50169563293457 -19.127035958060247
13.378655433654785 -36.99125979698141
13.125237464904785 -24.4272379441652
10.516986846923828 -13.793490631906597
10.340757369995117 -22.130411416257232
11.3379545211792 -15.833715012586989
8.619815826416016 -23.904370685916973
8.88182258605957 -22.13103781311452
11.5785551071167 -22.89220185587669
11.589957237243652 -22.744090948345022
9.142909049987793 -20.55940191921941
13.233799934387207 -19.589507672211422
11.948188781738281 -21.195127310938187
10.371747970581055 -23.17183215556944
11.048675537109375 -15.529723819211366
13.253460884094238 -28.67577201465437
12.389097213745117 -19.448215030129784
12.104975700378418 -25.238417993372792
10.505960464477539 -21.84525629644003
7.9227986335754395 -24.67817227805321
12.508011817932129 -27.708658826313386
9.360260963439941 -28.981757598528745
12.723751068115234 -31.330647702098165
9.269972801208496 -16.396165895281907
6.979674816131592 -32.55827374067775
7.951235771179199 -31.384643637677378
8.662262916564941 -17.272725542470454
14.661794662475586 -17.649317801983365
10.01346492767334 -20.773340934790458
10.966758728027344 -29.514270574615892
9.397658348083496 -22.741822296837356
10.283341407775879 -28.086858644470716
9.34476089477539 -17.546167781889473
10.845113754272461 -31.457648318440476
10.21694278717041 -22.153966879591245
14.108506202697754 -25.06456709206224
10.163495063781738 -20.04947674003952
11.514439582824707 -18.425427179689194
11.391009330749512 -26.16524852639131
10.048462867736816 -25.079233517289325
11.319377899169922 -26.59637561460891
11.74174976348877 -24.16965885467727
11.22337818145752 -28.66891606992709
14.698533058166504 -25.054771886012784
11.510583877563477 -21.653639675792036
13.894609451293945 -24.025456253433052
13.845858573913574 -19.401507081988846
9.93205451965332 -19.900443376812795
8.33997631072998 -19.6501517310576
8.23812198638916 -17.030392506376682
12.141064643859863 -21.671945681896496
12.925379753112793 -20.18860280539891
14.959001541137695 -11.462088952811254
8.247649192810059 -28.38441694734552
13.5272216796875 -18.546818023114923
12.895587921142578 -20.172441420711337
11.564849853515625 -18.021292931586956
13.054829597473145 -24.226776984781477
14.113265037536621 -24.103851904305962
6.738680362701416 -25.669424779465956
12.061671257019043 -25.15060338129911
7.20198392868042 -22.114847122266134
9.28862476348877 -26.132895991153255
10.15144157409668 -20.855538848087107
11.222700119018555 -22.669108093052643
7.501615524291992 -29.253094821914775
10.447339057922363 -22.077090767657538
10.524506568908691 -26.4848860139869
8.900970458984375 -25.28254677857857
11.864466667175293 -27.110716615136134
10.872997283935547 -27.894087460492923
6.656583786010742 -22.61741961931633
6.318972110748291 -20.717721261447934
11.872212409973145 -14.12180666318927
8.457983016967773 -21.27480648715411
7.977216720581055 -24.879471986731392
12.237420082092285 -21.927288040789392
10.168139457702637 -27.18799351963461
9.8008394241333 -22.175280749149707
6.489398956298828 -19.384019782787675
7.30509614944458 -20.244918770493022
9.895173072814941 -22.570687690581025
12.44897747039795 -28.997071346207264
10.954975128173828 -25.037333905268483
11.622410774230957 -17.120706098578967
12.35279369354248 -28.05812593519279
15.210607528686523 -15.923916035769343
10.693364143371582 -19.84976130842276
11.5352201461792 -21.37973712951358
10.190516471862793 -20.367690275449625
8.549468994140625 -19.18816563717548
12.055041313171387 -21.331915040975545
10.179512977600098 -27.037181179988565
9.337242126464844 -29.362796570232064
10.5443115234375 -28.16998361203558
10.454251289367676 -19.211390187051062
11.354474067687988 -28.885767205953325
11.58896541595459 -25.28154568069741
10.12466812133789 -24.436395746088706
13.117547035217285 -18.844736124074384
9.94521427154541 -21.37439009451295
12.160268783569336 -17.712483350561886
14.8416166305542 -28.872428067770095
3.944899797439575 -23.623737641209424
9.744891166687012 -20.143420858936533
12.276681900024414 -18.80853681543782
9.909012794494629 -28.421477952657362
9.50950813293457 -21.794189937223653
11.103370666503906 -35.060668455632594
9.05320930480957 -24.97345645898551
9.444711685180664 -17.059345154968565
13.529934883117676 -23.057924433363038
12.25342845916748 -21.89457742751271
9.781111717224121 -29.94292401812558
8.32357120513916 -25.508919750341743
12.788440704345703 -19.768849917613842
8.311393737792969 -26.740363365381587
12.046263694763184 -29.1518609797739
9.371010780334473 -21.991208407271127
7.77390193939209 -20.48475602095843
13.319856643676758 -21.642881971625037
8.855073928833008 -28.640333428547848
13.64354419708252 -26.029572880679186
10.318431854248047 -22.20172411353652
6.626883029937744 -27.952306913139275
9.48762035369873 -19.713210158190634
13.30012321472168 -15.547662727407483
6.321627616882324 -33.074145413036284
10.006901741027832 -33.67541439614541
8.787842750549316 -21.645161454012836
8.003098487854004 -25.67697591887077
12.119622230529785 -32.57429742083334
10.670133590698242 -24.169415154209
10.503442764282227 -23.11550386609214
9.938182830810547 -15.72646329566026
10.588431358337402 -30.59083110268289
10.255840301513672 -16.81583867717619
14.442835807800293 -34.80626418971018
8.303726196289062 -23.837111007281344
13.863478660583496 -26.56650004295889
10.678929328918457 -21.67257446766914
9.038158416748047 -35.83905918889249
10.789085388183594 -20.99299078478223
12.699220657348633 -24.31081002847959
11.79781436920166 -24.50043880196443
13.602834701538086 -19.46688523641162
11.030838012695312 -26.057768267439812
10.906233787536621 -32.16682541928565
13.878928184509277 -15.661603466350085
9.454901695251465 -21.517130606421187
11.63823127746582 -18.588086797663898
11.846720695495605 -21.084720302457768
8.444122314453125 -22.0204728512729
11.38830852508545 -23.210053878079247
8.154585838317871 -21.002758920236424
13.689712524414062 -22.13337385309031
13.39200496673584 -16.273113920581366
9.156606674194336 -26.778967557532162
13.420533180236816 -21.4950666103441
11.030138969421387 -23.907521666971448
11.509401321411133 -24.636422694356376
8.269256591796875 -16.60555435149721
10.198783874511719 -17.088231325684884
9.515071868896484 -33.19270813617102
12.82320499420166 -28.137855607093258
9.681365966796875 -11.845120679231673
10.449188232421875 -19.74046785099811
8.44513988494873 -22.506787051366018
9.198831558227539 -26.08074543920559
9.365402221679688 -30.44877599524994
10.32718563079834 -14.942865147095363
10.414111137390137 -18.35409713820418
11.250700950622559 -30.243285697527718
10.641963958740234 -19.69759456479951
8.9711275100708 -27.060457247241075
12.880576133728027 -25.232046903971867
10.283660888671875 -28.874122641074507
8.431910514831543 -22.81601334285429
10.648499488830566 -15.61808189860434
11.474967002868652 -18.81491866331464
7.185925006866455 -23.66335880780192
7.70857048034668 -28.574274762575786
11.707653999328613 -22.999455965589252
10.485342025756836 -26.454460527377773
11.669185638427734 -32.28998723356381
9.539050102233887 -26.225680185071553
12.488044738769531 -20.9328572483197
7.766623497009277 -23.918802632562272
15.36283016204834 -23.038585428760474
14.08553409576416 -26.148369553704832
13.818954467773438 -23.58891448980807
12.901921272277832 -21.242543678370843
6.959839820861816 -24.082106247856174
10.81275463104248 -20.736123404617704
12.639692306518555 -20.21157328260855
10.335982322692871 -29.53114230357037
13.743419647216797 -15.442838912044708
10.869421005249023 -20.94813944518833
11.319212913513184 -25.5125234961532
13.115413665771484 -23.386162420041273
13.60122013092041 -17.574441619990196
7.360577583312988 -21.175832476296833
13.357239723205566 -29.663453665846923
5.52182149887085 -27.96280623727594
8.938088417053223 -16.012508194988683
10.316567420959473 -28.172253001732393
9.074625968933105 -25.69004352127494
14.85881233215332 -20.379364703943256
12.153002738952637 -25.398168157087582
7.436465263366699 -23.882272922987624
8.548432350158691 -18.03777786753311
11.786091804504395 -12.785087615799519
8.618335723876953 -43.817178406317176
13.346944808959961 -16.950113539683507
10.354966163635254 -20.920062044493964
11.238519668579102 -14.64558239617353
14.530134201049805 -20.291523164450865
7.849588871002197 -23.286654052893628
9.402517318725586 -27.988700034553375
8.687888145446777 -25.876791783426743
10.844629287719727 -25.76866673145214
13.560455322265625 -20.03763600744061
10.429512023925781 -25.294975850908518
9.132976531982422 -19.20966609820775
14.138745307922363 -14.306296285660371
8.655699729919434 -24.955104958519872
12.737366676330566 -21.897384068289416
9.8058443069458 -25.35671022648032
10.98451042175293 -26.780106374576512
11.328371047973633 -23.881789094231685
10.150644302368164 -31.141522276544933
13.785511016845703 -13.95980726149816
8.241951942443848 -20.991330479890397
8.694147109985352 -28.567949956230578
5.8739848136901855 -18.2118768527182
11.429718017578125 -23.368866759627075
7.043320655822754 -18.413565078302092
13.09703254699707 -20.220970756545363
13.00629711151123 -19.55905768999314
13.8585844039917 -26.256383521509555
12.360593795776367 -20.48238545807385
13.204030990600586 -24.424788895802113
14.027975082397461 -22.612506834871684
8.174006462097168 -21.665025719297535
11.815328598022461 -17.037129152496213
10.563838958740234 -28.18676946504994
12.008237838745117 -22.722516479439985
8.927743911743164 -25.13133491044044
10.125164985656738 -17.530183470648975
10.755539894104004 -23.675719830647793
10.345599174499512 -20.316179987150413
10.858597755432129 -21.643644259326262
12.630014419555664 -18.174821377834547
7.188253402709961 -22.415899564449006
10.281097412109375 -23.244872033635374
9.172550201416016 -15.872092586941239
12.598237991333008 -25.988901353986172
13.103859901428223 -24.993042421362574
13.673379898071289 -21.100542897502997
9.74376106262207 -27.64581184885784
13.737340927124023 -15.95294761906182
12.86320972442627 -14.547415160745096
13.551665306091309 -23.43768731052392
12.361552238464355 -19.10314128301556
12.493523597717285 -15.303206480935192
10.469202041625977 -17.45387856540427
12.63440227508545 -22.068038615290586
11.222661018371582 -20.817753666548807
8.780776977539062 -25.20548456689004
11.011871337890625 -26.28875082907966
12.456833839416504 -22.634574157937397
10.088991165161133 -25.499417169479557
10.749361991882324 -16.109041862061122
12.321084022521973 -19.253532193910686
12.775017738342285 -21.74715373043755
8.584787368774414 -26.21265316488202
6.86567497253418 -26.696751683639672
9.519527435302734 -27.17071320365178
10.328142166137695 -36.0656037499669
8.265776634216309 -18.96318988658112
9.769429206848145 -28.187486698975235
12.14261531829834 -31.22591566533996
9.850963592529297 -20.953800902298948
7.574586391448975 -26.656724497043257
10.699177742004395 -17.938764745523084
9.732473373413086 -23.072048233202747
13.724117279052734 -22.99160703997831
9.922491073608398 -20.879031399055734
11.608964920043945 -24.376727878582354
10.213411331176758 -19.97515030717497
14.733380317687988 -21.372098479798677
11.707796096801758 -7.998097914588839
14.514171600341797 -22.7680786560993
9.319211959838867 -21.950168655510375
10.8162841796875 -27.511913301873363
8.907732009887695 -24.780914929170724
12.72391128540039 -25.33843590438151
8.446680068969727 -18.274663254928555
7.022922515869141 -22.27582614607963
12.159223556518555 -24.9394646154541
10.39613151550293 -37.8321667933204
9.946793556213379 -25.26853378971856
13.108668327331543 -18.531980269086347
14.26539421081543 -24.38032179104494
9.698657035827637 -23.743933001177947
9.71645450592041 -21.511495440363483
9.852280616760254 -20.59462630374893
10.03289794921875 -19.479382668129407
9.08320140838623 -27.10442535286634
11.14698600769043 -21.61682828323311
7.248402118682861 -28.119866013977976
15.699519157409668 -21.417972350961975
12.570223808288574 -23.28623686735211
7.697657108306885 -17.292994128548884
8.927502632141113 -26.978354188337295
9.795618057250977 -26.1785873163989
13.254639625549316 -17.78625932707186
12.985702514648438 -20.930907229879587
7.473536014556885 -28.8076407765378
10.214720726013184 -29.478632392799906
9.416247367858887 -22.081871706418816
12.13247299194336 -18.156191147279767
10.830439567565918 -19.93933740477013
11.347780227661133 -18.86334180009539
8.96088981628418 -27.593579520678553
13.713980674743652 -24.972698407947224
13.609321594238281 -30.81714193907824
12.194540023803711 -29.360478534712776
11.724849700927734 -18.749200747565233
8.868213653564453 -24.8678232027883
9.30316162109375 -24.17103918084505
11.193655967712402 -18.629592681918908
13.564736366271973 -19.275909678950654
11.13072395324707 -21.771166321223387
14.350738525390625 -24.93979227209303
12.406810760498047 -26.070491326515352
14.056608200073242 -28.396819626487602
11.136585235595703 -18.644101593671458
13.068109512329102 -10.652435255144457
12.972850799560547 -27.848805474807545
10.891021728515625 -13.563070518365901
11.272727966308594 -27.340333512971306
9.439949035644531 -23.37384911700472
10.54741096496582 -25.839571346569365
6.831222057342529 -29.261014513292558
9.986286163330078 -30.207705118809145
13.718223571777344 -20.271565760265823
12.128214836120605 -30.670374594048656
11.147391319274902 -31.040535163171235
8.041413307189941 -30.873867427786745
9.084647178649902 -26.29764995451248
13.147695541381836 -11.999393050399881
11.946432113647461 -20.408536095577098
9.103660583496094 -31.934417894526312
8.56412410736084 -24.76974465694565
10.146597862243652 -25.132915657190036
13.668824195861816 -16.91146401545152
8.711770057678223 -21.314222297950003
12.763375282287598 -22.916123687779024
10.471868515014648 -31.890493179745565
11.674345016479492 -28.718403115919173
11.334651947021484 -16.647721365030932
11.05580997467041 -24.440412994037622
11.094143867492676 -19.792385298041058
11.601585388183594 -26.30361585427979
13.53619384765625 -7.975565423664991
6.417998790740967 -30.529993894697576
5.781384468078613 -21.628231756898657
6.330740928649902 -25.3821023308923
9.025154113769531 -13.356795819872916
12.684988975524902 -22.910647103450124
11.3613862991333 -20.381432211513342
12.46799373626709 -22.26554822577214
11.68597412109375 -32.766718951402126
8.086588859558105 -19.787230439735502
13.2199125289917 -25.9238100446831
11.882171630859375 -25.195487408897733
13.318867683410645 -16.619538821788144
8.888457298278809 -25.125062103876594
10.033550262451172 -27.339045001317047
10.532974243164062 -23.453804338215743
10.69813346862793 -24.91951441490409
12.363292694091797 -41.129440159241454
12.501423835754395 -25.459144393691
11.640782356262207 -25.22398226167168
9.757076263427734 -16.545994848717044
12.658217430114746 -20.377103388046056
8.272147178649902 -28.588988444667272
9.030506134033203 -22.086886876659424
10.795198440551758 -21.13393813410759
11.346552848815918 -25.87234596466653
10.054824829101562 -37.29831140590892
15.15768814086914 -23.248008373274402
15.097233772277832 -20.075063579732763
7.563572406768799 -23.27489081875018
10.242575645446777 -18.526480864768665
8.5465669631958 -26.852276028433113
13.406685829162598 -29.86156800523741
13.85300350189209 -22.368155487611396
11.592586517333984 -29.371918558222653
8.704463005065918 -26.12723932687915
9.223138809204102 -31.639297269092463
11.07372760772705 -24.79184395755097
14.632187843322754 -31.095344589295905
13.553135871887207 -19.259270488446518
5.449044227600098 -28.028725392405875
9.543869018554688 -24.320976324533703
8.316716194152832 -19.96060625661145
11.713213920593262 -10.726518261088012
9.915082931518555 -21.29164644494642
10.756086349487305 -25.886799869695388
10.055808067321777 -12.600042582690445
12.981453895568848 -22.376867424058815
11.284757614135742 -21.23187835990059
11.891687393188477 -21.421714682756196
11.878718376159668 -20.499672876247626
13.5404634475708 -26.278201513634897
10.394478797912598 -24.785822619002023
10.111082077026367 -20.68591992957069
9.982584953308105 -22.343217778162902
12.900215148925781 -24.10510888236629
14.692474365234375 -25.470902650582026
7.808833122253418 -26.860942773868743
11.319533348083496 -23.968192826170892
12.326443672180176 -23.782047259515238
12.620372772216797 -19.55588001090077
10.579068183898926 -14.996280054202117
10.710229873657227 -21.79925767973794
13.443633079528809 -24.15860729485283
7.7606120109558105 -26.631816323814007
12.24073600769043 -23.09469629582195
13.343613624572754 -22.290771724769314
8.120826721191406 -21.676597297834867
14.981948852539062 -34.72414016474193
13.751015663146973 -16.7844032942054
7.655782222747803 -21.64590063591816
11.049622535705566 -16.659690463163138
10.925492286682129 -28.07810292030402
11.690903663635254 -34.36730669750507
8.311229705810547 -32.3152276073788
14.24291706085205 -21.905026504280936
12.240981101989746 -13.880785647019227
11.504997253417969 -18.46343267022865
13.951972007751465 -17.555242662532187
10.416412353515625 -18.841179170046814
9.226661682128906 -16.566329221368942
9.443706512451172 -27.17884927699385
12.392252922058105 -25.144508763872125
12.589306831359863 -20.047077830995015
10.773085594177246 -29.62765424732865
17.260316848754883 -18.19362536744953
11.332398414611816 -21.364962811216582
13.545063018798828 -17.19846417455568
11.019683837890625 -16.732028584614767
10.386964797973633 -25.91484101125286
7.91409969329834 -18.558333667888512
8.375669479370117 -25.237993358029556
10.272472381591797 -31.231847406865356
7.267075538635254 -9.301823692229652
7.379066467285156 -23.98291795052786
12.324047088623047 -15.604528436111101
7.595029354095459 -23.64901552493205
13.281475067138672 -24.00502524117529
11.68519401550293 -23.292798207121074
10.22731876373291 -22.567523176131587
12.968871116638184 -30.112321304558414
8.591652870178223 -23.942742661291454
11.306865692138672 -31.38462323962085
9.688786506652832 -28.044302792766437
9.8334379196167 -25.698470940353072
8.514644622802734 -27.900042437825256
8.485004425048828 -19.64046273234314
12.912609100341797 -29.16490812817417
7.623076915740967 -30.749133999364467
8.328883171081543 -18.728945310466038
10.946410179138184 -14.309901458368893
12.843988418579102 -18.449367425148758
13.783143043518066 -24.812700754237433
9.707306861877441 -21.357675411568813
12.798111915588379 -21.01513942975123
11.720131874084473 -25.24828780805429
9.605457305908203 -16.8723197038081
10.428398132324219 -23.861241317007355
11.032916069030762 -24.095537864457235
12.684194564819336 -22.449001111832615
11.628456115722656 -23.695441580954157
12.561239242553711 -24.905656179667375
10.847329139709473 -38.74896886064299
11.929471969604492 -23.561621745735174
10.385799407958984 -21.62871898972932
10.618752479553223 -29.429060776940574
10.672196388244629 -25.900632575990212
13.669197082519531 -12.953007920567025
8.631916999816895 -14.8114514508761
11.169492721557617 -22.212976896152814
9.80300521850586 -28.181367868892323
9.003458976745605 -24.022512415734198
11.188400268554688 -8.298036851051844
11.380446434020996 -21.140866312859334
10.551512718200684 -29.86587167658609
8.079432487487793 -26.67050227701446
11.563579559326172 -25.41402464104494
6.80620813369751 -25.5236659831234
11.45266342163086 -24.917300837363435
9.805079460144043 -29.418992447877656
10.40480899810791 -19.751515799033502
11.62764835357666 -19.968249955471723
13.907326698303223 -18.38306514699564
11.866557121276855 -19.61527592431748
9.14228343963623 -21.32040153910994
9.867817878723145 -23.589418097001815
13.89063835144043 -22.066343467686988
7.745336532592773 -36.33195985348716
12.946954727172852 -23.017976064426275
14.065868377685547 -18.15086805099744
13.978449821472168 -23.460901457224864
9.208976745605469 -25.900354554367425
7.168811321258545 -21.47004573871621
12.374072074890137 -24.303699512568766
10.23479175567627 -19.223772327028655
13.092083930969238 -28.03406218268874
9.533310890197754 -21.557138353987426
9.967705726623535 -19.92143077995066
13.901097297668457 -27.789175913432153
12.368361473083496 -20.132925533187226
9.892160415649414 -31.944384491094397
11.585185050964355 -22.231638957359483
9.343273162841797 -28.970081324882234
9.759092330932617 -16.97824049794267
8.03514289855957 -36.744334930731625
10.273624420166016 -28.451963396817895
14.114214897155762 -27.225554775603104
10.103510856628418 -21.906135863510915
12.93100643157959 -22.228871530482927
12.366289138793945 -32.06076514633034
9.63520622253418 -25.055566079644123
10.765700340270996 -34.37397462656774
11.495906829833984 -16.816610999203796
11.048919677734375 -9.947649152744312
14.42564582824707 -19.898088647816877
9.649807929992676 -23.274593009019604
10.09760856628418 -21.886111468480852
10.567900657653809 -25.25505416966325
10.756601333618164 -30.423323344857582
13.784010887145996 -20.89000295571281
12.763768196105957 -21.87773163997048
11.06093692779541 -22.32799277370018
10.97945499420166 -32.630067813497135
9.316892623901367 -24.595069904310797
10.458824157714844 -21.35875793127606
12.493973731994629 -22.159780649652756
7.130359172821045 -27.246471038611247
13.94702434539795 -18.722610908608004
8.185145378112793 -22.958655279715238
7.158994197845459 -24.38493566894136
9.54251480102539 -22.578084656747844
7.276711940765381 -24.450493925753214
10.6674165725708 -26.52772674877778
6.429535865783691 -24.336859828059353
9.806949615478516 -32.154608992294484
9.12393856048584 -27.27556248714809
12.623774528503418 -26.95682088550762
12.896868705749512 -22.922363468706706
9.18077278137207 -25.182540621678022
11.766462326049805 -24.680557701762975
8.913676261901855 -18.635846754416583
8.809056282043457 -26.524865069689874
14.876073837280273 -22.149730217552236
12.210936546325684 -17.01027401863688
8.208826065063477 -21.05334802111135
6.945713996887207 -28.427767876056706
7.849668502807617 -22.360914756105085
14.231354713439941 -20.82037717561761
9.810222625732422 -20.01047012370727
5.3886494636535645 -29.37437235448276
10.642492294311523 -25.75299965878661
11.015983581542969 -19.511514967348173
9.74487590789795 -26.134922337762244
13.78863525390625 -27.485279732663496
7.889608860015869 -33.480076643401745
12.637721061706543 -25.750626353595692
12.640545845031738 -21.713172720567123
10.679438591003418 -30.046487215180704
8.546895027160645 -21.263320672370508
14.156200408935547 -31.51987734969125
13.340546607971191 -23.655048949835116
9.977514266967773 -22.925480971093293
13.323477745056152 -21.142675671258903
9.56103515625 -27.50587381997478
13.601142883300781 -21.451980520801914
13.847270011901855 -22.5332593691589
11.418099403381348 -15.212629042197834
14.863835334777832 -18.861990084259443
8.390710830688477 -22.24184226183172
10.166324615478516 -23.098763978644257
8.681976318359375 -25.659893687271854
11.212599754333496 -23.577375614624405
10.810112953186035 -17.779336547180783
8.263708114624023 -28.813115698389634
8.32048225402832 -31.245016517910194
10.385608673095703 -19.55739332327242
11.204241752624512 -27.41430293328317
11.627182006835938 -19.266216541211612
10.29365348815918 -16.582812298447944
7.764856815338135 -25.59985696148939
9.550552368164062 -27.26716438194972
9.360878944396973 -27.234225431308456
13.827516555786133 -19.13174003189455
10.652677536010742 -17.387371448375877
9.989107131958008 -21.35611956477567
10.143515586853027 -23.119137486808263
12.54758071899414 -27.987625344451025
14.793669700622559 -23.56790308136776
7.195414066314697 -28.10713939857878
12.087882995605469 -22.01914999028418
12.28927230834961 -20.65476345312901
11.930912971496582 -20.000970989623436
11.942056655883789 -24.560300929008925
9.733793258666992 -25.50205817079169
9.51692008972168 -16.42520525540461
8.183171272277832 -26.847262976387796
9.287643432617188 -19.82117667567028
9.192018508911133 -25.321580382276657
10.625211715698242 -28.676247788851718
13.378973960876465 -21.70366562710943
6.961911201477051 -28.57313262068155
9.682822227478027 -20.305531500145747
8.87370777130127 -30.606975085309948
10.058801651000977 -23.205862436475797
8.671754837036133 -19.62252597358255
7.934916019439697 -24.8151499821197
7.727625846862793 -34.61926679833075
12.036063194274902 -23.574675081966983
8.660114288330078 -31.22142456037814
9.169903755187988 -19.197789260003365
6.928833961486816 -33.64675654303633
13.084102630615234 -19.010956294921222
13.260961532592773 -20.927726115493943
9.813372611999512 -28.448260976969284
13.166701316833496 -14.582182693033287
7.753012657165527 -20.70356882891865
10.27656364440918 -23.268001933014077
10.099008560180664 -29.899424556582787
11.478019714355469 -21.63402665903845
14.661210060119629 -20.1966868124534
8.576805114746094 -33.96443470976711
13.546316146850586 -19.630788568768615
6.462018966674805 -21.18402772551913
9.395598411560059 -21.314063736440072
11.999417304992676 -22.15099598450002
7.020679473876953 -20.351965329586967
