10.448630332946777 -59.842965995927514
15.622479438781738 -56.4149242862411
13.774914741516113 -64.39055681308655
12.31567668914795 -81.66437980971388
20.229413986206055 -61.737175147309614
19.16904067993164 -58.43181836771916
10.395045280456543 -58.32589274427714
14.653221130371094 -78.61387079766195
15.197476387023926 -54.996020285998526
13.82319164276123 -66.51386595996894
11.52039909362793 -67.28994382426475
9.607666969299316 -88.92560553492838
13.345392227172852 -85.94004792700427
14.83093547821045 -70.48920731798057
14.768388748168945 -68.74185675908349
14.338038444519043 -64.30734803238681
18.002262115478516 -55.734004136548606
13.210000038146973 -76.937922079433
16.250070571899414 -73.56750899614981
13.805702209472656 -68.27797571227603
13.910905838012695 -76.07527971775312
14.314459800720215 -65.27362065599857
16.257925033569336 -68.38290585934894
16.263757705688477 -67.16495421397678
18.058401107788086 -42.07064067711555
12.922423362731934 -54.49205385391744
15.248614311218262 -66.42234176813609
14.81827163696289 -61.65613861335826
20.68379020690918 -54.1569224363613
21.38738250732422 -41.090295386490695
11.247425079345703 -55.662076273173945
16.81614112854004 -72.4204720950001
12.603764533996582 -72.06315632574284
11.121543884277344 -76.53722032077704
27.341167449951172 -35.89043926189515
16.03705406188965 -69.35500742292439
16.272611618041992 -65.39317261449
13.54482364654541 -74.32786121852885
14.180020332336426 -81.5580630196758
15.57105541229248 -81.42267807502033
13.429815292358398 -66.14124536541462
15.679119110107422 -50.973970553035485
20.290260314941406 -46.87826343316719
13.882181167602539 -62.30400521196334
48.33850860595703 -16.761994509079777
11.765061378479004 -67.9233529236969
11.823043823242188 -63.819156153099044
16.09295654296875 -69.53782680935187
16.723051071166992 -67.37063594956074
13.414839744567871 -91.2806024557993
16.811071395874023 -62.163425694901626
14.459156036376953 -79.0598890197735
12.928317070007324 -48.41386554525689
15.369478225708008 -81.00016735736175
16.758577346801758 -32.30598754829984
16.731781005859375 -66.2066029825275
11.996020317077637 -57.277850910476964
14.674284934997559 -73.06859522157984
13.697470664978027 -68.97805409037404
18.567562103271484 -67.87584450986067
15.8093900680542 -59.8780659396316
14.292539596557617 -74.07798056956808
14.596843719482422 -59.36209801379783
14.187862396240234 -84.99331468729716
13.955279350280762 -67.23304272366188
14.936182022094727 -71.57024192048637
12.15992546081543 -81.89874431204062
15.165016174316406 -61.20877576703458
16.42830467224121 -54.61025919546773
10.277775764465332 -76.63097512995523
14.648310661315918 -61.669499991965566
18.053157806396484 -34.55436429494252
13.29098892211914 -74.89512452340244
14.589192390441895 -48.995767791076446
14.568912506103516 -71.23997945026349
14.446340560913086 -79.61483906398391
16.756467819213867 -55.36647520609954
13.364156723022461 -63.804942172176425
15.513518333435059 -51.29460645404155
15.218622207641602 -74.15066289290971
15.271729469299316 -63.168890030712234
18.736469268798828 -60.41713994486331
12.796327590942383 -75.1309469407831
14.18612289428711 -76.59420120881074
14.123244285583496 -84.46046056766593
15.262758255004883 -84.2123983013971
14.491225242614746 -60.31943985607087
15.29662799835205 -77.53537577276316
12.398962020874023 -74.40670721605713
14.591119766235352 -61.38128234645611
14.436433792114258 -89.7619361920492
12.835740089416504 -70.4397394981271
14.936065673828125 -80.52152373894123
15.286150932312012 -68.75594559617241
11.295026779174805 -74.40362453353788
13.179361343383789 -73.26368601038412
20.396581649780273 -41.861903738289726
12.185667991638184 -75.81355419369558
12.914066314697266 -64.91464438372563
13.389697074890137 -88.08449522603983
16.03679084777832 -67.8714074434555
13.834552764892578 -79.44155585002376
17.307281494140625 -51.745123616433204
16.90906524658203 -48.722256790480884
15.201224327087402 -45.311160579019
15.504070281982422 -57.17002330420938
14.441218376159668 -74.17317959133908
18.83603858947754 -56.36444141606169
15.349520683288574 -64.37768159848194
16.094118118286133 -62.95833826516163
12.359027862548828 -74.70284567816776
18.116661071777344 -64.7072228400499
16.254188537597656 -62.119776604357185
14.19387435913086 -70.17431553713965
14.285909652709961 -59.75990892237029
17.834758758544922 -85.74868550373553
13.066781044006348 -66.83699341368667
15.347745895385742 -69.59592328176747
12.92479419708252 -78.32720579595494
15.750158309936523 -65.14411278289316
14.799359321594238 -53.4766729224555
14.662452697753906 -82.4942724792466
13.698914527893066 -78.63242888344965
15.128241539001465 -62.48682110521236
13.670238494873047 -82.82213504507776
15.858592987060547 -60.05398522260705
14.590385437011719 -60.071757067006104
15.71444034576416 -83.64440113866436
13.748661994934082 -71.25667978245538
15.497871398925781 -75.98342304746998
16.244905471801758 -73.88635311993843
17.135120391845703 -54.67315401858412
13.233585357666016 -65.85524906719002
15.343231201171875 -82.5798251224198
16.257890701293945 -71.26398095835006
17.071388244628906 -43.303480323907834
13.77065372467041 -69.17942274042811
13.049237251281738 -65.62919682604672
18.757843017578125 -52.48158822856336
17.432140350341797 -63.071851693781205
14.579120635986328 -69.64468619663704
13.805788040161133 -65.57180654523702
14.489921569824219 -59.087522470781046
15.948407173156738 -65.10981540251285
14.63802433013916 -66.85210776312908
14.283641815185547 -83.31050833585675
15.081633567810059 -51.187688309142494
19.607784271240234 -52.57922181011692
15.182417869567871 -64.73144360535176
12.715035438537598 -68.01674683816697
14.140043258666992 -72.5174560047078
16.74477195739746 -35.76353335437367
12.032222747802734 -79.7319339456904
16.374794006347656 -73.35364314353342
15.908764839172363 -71.97043253350677
15.278286933898926 -65.85457755373842
15.351043701171875 -57.11495076173545
16.991361618041992 -61.32663083936793
15.097281455993652 -76.61075084540002
15.801130294799805 -69.15708833056337
15.288154602050781 -66.70826730183259
12.027966499328613 -73.26791202173015
13.626866340637207 -60.332946738782006
15.990593910217285 -74.0928502257242
14.906258583068848 -89.6875679680499
15.767852783203125 -80.743469975923
11.19686222076416 -67.34599388603587
12.927064895629883 -77.54790866764975
12.341049194335938 -75.96811205334077
15.317936897277832 -81.14046905095343
16.67638397216797 -67.01729273932179
12.918962478637695 -69.04533556072069
13.942304611206055 -71.85898818233376
14.375528335571289 -63.3699724956104
11.297279357910156 -60.822764958026546
15.415247917175293 -40.40537137367913
13.917469024658203 -79.90384021115364
13.15155029296875 -72.14463092190667
14.881322860717773 -53.69072189241311
14.459664344787598 -67.01368090163055
17.21742820739746 -57.85098012582671
14.484893798828125 -44.999545597208574
11.215775489807129 -68.674030597155
14.116669654846191 -62.906884378100536
12.672059059143066 -77.95171692325322
17.82381820678711 -77.69719268342614
14.111870765686035 -64.04912064874544
15.68528938293457 -56.206558863678225
14.743144989013672 -70.52726844243398
17.067148208618164 -65.67506153001759
15.42756462097168 -49.887438423553945
13.532587051391602 -68.64520635215362
18.731332778930664 -54.78748113657885
13.72734260559082 -71.71877994115918
15.093828201293945 -67.55989281616058
12.615257263183594 -63.694795477911335
13.020169258117676 -70.82973531597982
14.668231010437012 -79.62142191830135
12.885847091674805 -78.16296842429485
14.814177513122559 -76.3047176649539
15.362360954284668 -68.41025028823452
12.077030181884766 -72.91673182199767
15.119791984558105 -57.98105897893654
13.81038761138916 -68.11532919169285
13.667290687561035 -96.68282919131083
15.070050239562988 -62.46746859662363
13.69794750213623 -77.0659260815057
13.759195327758789 -82.68079246120014
14.51024055480957 -74.65669356981181
12.956130981445312 -63.47631485011483
13.042926788330078 -68.88186837411182
15.446016311645508 -73.75213609881399
19.521913528442383 -61.038872252739075
12.593958854675293 -66.99731660160202
13.938126564025879 -70.9926991141383
16.491273880004883 -73.58349849034522
17.792537689208984 -52.88937156056832
13.36111831665039 -76.80536313345937
15.226089477539062 -63.920514953588416
13.030695915222168 -55.471042338699576
12.33290958404541 -74.91957812243866
12.69797420501709 -82.81573878118128
14.025399208068848 -71.53997365229677
13.295977592468262 -57.68155100450843
14.273661613464355 -56.89682749771382
16.75644302368164 -66.4802937447562
16.289525985717773 -56.087120033404155
13.902164459228516 -67.2151388632446
12.96781063079834 -83.93059336895969
15.235318183898926 -58.82313173902172
14.520352363586426 -69.2409203102963
15.038293838500977 -67.84972277531679
12.019413948059082 -86.06428598334234
19.75697135925293 -52.383973894458705
16.153175354003906 -60.17092853249275
21.150415420532227 -49.55144467088341
22.01638412475586 -32.489945503436935
17.182327270507812 -46.050918156955944
19.80956268310547 -55.93389353254689
16.187055587768555 -60.64959029553127
14.468554496765137 -70.25371017285991
13.832684516906738 -68.30217309726143
14.889451026916504 -59.91425655084395
14.50882339477539 -64.4367425141694
14.189547538757324 -73.90082127610815
12.954012870788574 -67.72813242982288
16.355674743652344 -44.66335566928275
17.836223602294922 -58.6815666119987
13.9215726852417 -72.70919495743307
12.908479690551758 -79.51860473930789
10.713811874389648 -53.203388843835114
17.734848022460938 -49.339087033505265
14.714717864990234 -79.05764372452029
12.300704002380371 -72.34085573308339
15.37219524383545 -71.8282960366007
15.150848388671875 -78.80559095337253
14.151089668273926 -67.33359245242451
12.407621383666992 -72.76123068416554
15.237725257873535 -66.69597569026422
14.15539836883545 -50.32999306160895
14.080094337463379 -70.30464486245526
14.103275299072266 -71.72385588964845
21.318727493286133 -48.34240261033287
15.447230339050293 -57.82829453640207
13.707295417785645 -74.76301702126383
15.709919929504395 -62.391847104074735
13.13802433013916 -63.57415243834102
11.565478324890137 -75.03047965576778
16.041215896606445 -53.20132565696272
13.167471885681152 -75.38444417710937
13.14012336730957 -63.43159520500495
14.296810150146484 -59.00536736603473
16.313413619995117 -66.88682064524303
15.71906566619873 -83.143087582636
14.332490921020508 -77.62319159089944
12.67940616607666 -65.37212714291562
15.887862205505371 -61.136254826006606
13.309000015258789 -75.32314700929189
15.433847427368164 -63.86565159598562
17.51048469543457 -70.21802845456062
17.370832443237305 -51.709274075699675
14.187358856201172 -70.44629422563916
13.612771034240723 -66.99153535511947
13.65673828125 -75.81411036342269
13.359850883483887 -64.1942712724115
20.31007194519043 -45.37300636837959
12.700714111328125 -59.98079265085619
15.094696044921875 -53.09156015128111
22.952001571655273 -60.41074682050913
15.400742530822754 -79.58505673381677
16.39922332763672 -66.73182192963978
14.013449668884277 -57.95729601144732
15.056145668029785 -70.42984782142887
14.103102684020996 -67.70084136483393
14.525103569030762 -72.50342172868818
17.01047134399414 -53.822345783374686
13.009575843811035 -69.76700490955128
14.885003089904785 -73.41813141541766
13.023478507995605 -74.46115977108383
13.63705825805664 -81.01842988322218
14.119281768798828 -80.18074532288222
13.955081939697266 -71.10533352300631
16.18824005126953 -61.049204574001955
14.013864517211914 -65.53212285299642
13.409722328186035 -77.70215756081421
17.140989303588867 -53.69164564230089
13.615462303161621 -67.51436106625755
12.745784759521484 -70.32353062068466
16.05411720275879 -69.77436170861736
13.971789360046387 -78.286406357609
41.3048095703125 -22.476342531324995
13.428394317626953 -73.56868444808222
15.669724464416504 -51.195334357986404
15.941420555114746 -57.33959884908517
14.261260986328125 -73.73664925042331
18.297626495361328 -46.16712509342819
16.86090660095215 -59.78122606861197
19.940147399902344 -42.68414692595923
13.261319160461426 -60.577107855696454
16.399795532226562 -82.30435256221138
14.220166206359863 -86.65905479613174
11.4650239944458 -67.98349583267067
14.523731231689453 -74.88054546435428
13.972960472106934 -67.52063534864797
13.196736335754395 -63.4126851746899
15.689526557922363 -67.10941769780715
15.20791244506836 -74.736209225105
11.204626083374023 -65.26402335041766
14.737545013427734 -61.19273654421042
15.038091659545898 -81.33973237007505
16.283740997314453 -70.19772158728013
13.900553703308105 -59.54452490063596
12.007743835449219 -60.157327454627584
14.026853561401367 -88.44587532982291
12.541436195373535 -71.72320906985584
11.696052551269531 -80.91621817373675
15.908546447753906 -56.631393842070565
15.425292015075684 -60.430790542437194
13.62448501586914 -86.93985189107708
13.838338851928711 -59.44069701289507
14.943902969360352 -71.47704412154803
13.278038024902344 -74.88831056993021
15.402912139892578 -61.183092187065995
13.809494972229004 -69.32362143346552
14.613768577575684 -60.89177434809338
13.864477157592773 -55.17304607269628
13.775228500366211 -67.86521083330138
14.018061637878418 -74.13728778838328
12.54922866821289 -79.43119518419245
15.5089693069458 -49.64148793241563
15.05459976196289 -55.267511599313586
14.987076759338379 -86.18253259992346
14.998912811279297 -63.243521752085336
15.06324291229248 -57.071808618827475
16.91176986694336 -61.835519146926806
15.436912536621094 -66.68926554600432
15.928415298461914 -58.985603754140115
11.193587303161621 -78.22134482386959
9.926131248474121 -73.86248434746747
14.157941818237305 -67.01337962142367
16.132415771484375 -67.21959604450066
17.234298706054688 -62.452701184653264
15.368720054626465 -58.232447909497054
13.28085708618164 -68.85996778903535
14.11125659942627 -63.040795729979
14.975250244140625 -72.28791167051682
13.919296264648438 -72.40204228828881
14.023881912231445 -65.8097678629714
14.279557228088379 -63.58967985076248
14.945589065551758 -67.7433583554685
12.817198753356934 -63.37265818437388
15.651947975158691 -59.32081452543144
19.20345687866211 -45.68663901258927
16.884775161743164 -73.78598489993486
14.153421401977539 -48.264366260395995
14.15204906463623 -73.290154777957
13.684685707092285 -60.512460020758304
12.067913055419922 -59.03299476943852
12.917348861694336 -77.41030644591547
19.158418655395508 -41.11694647934532
17.161470413208008 -69.1039975583034
13.758270263671875 -72.65494076325336
15.041985511779785 -67.37113058457487
14.767629623413086 -81.35007455364274
13.805402755737305 -63.8556577417154
13.939034461975098 -82.68642121606817
13.95736312866211 -71.22266237940049
14.308178901672363 -69.69644710731201
14.965365409851074 -62.30130729453511
18.83765411376953 -31.257535808183807
15.158167839050293 -72.87543679657307
14.630593299865723 -72.64657707227539
15.044244766235352 -67.3755286953728
16.015684127807617 -49.393435832271976
17.06804656982422 -48.39097736833239
13.11162281036377 -72.7293313800868
19.498741149902344 -46.68599868036661
15.431133270263672 -56.45210037234102
15.324471473693848 -57.83297831197119
13.115647315979004 -74.81794281112036
12.500296592712402 -77.12756061999394
17.033531188964844 -67.78354011295207
12.404475212097168 -63.9798388819452
14.73047161102295 -52.85677910188649
15.856314659118652 -53.86909555641294
15.844905853271484 -79.87337394625277
18.23957061767578 -39.467651145542916
48.48919677734375 -27.99795042193538
14.179876327514648 -52.423993929788416
15.61217975616455 -70.20588890041597
16.358192443847656 -61.35799716292093
15.88744068145752 -73.72478670787302
15.373313903808594 -67.3904451201202
12.624510765075684 -66.35427725724313
13.454267501831055 -73.21194338985617
13.38906192779541 -80.72155114907142
15.28636646270752 -64.93842169118477
18.670124053955078 -33.08560215418685
14.535887718200684 -60.96363877768044
16.22776222229004 -69.75296057644245
12.74431037902832 -79.55126427341338
14.757859230041504 -52.042944492385786
14.837882041931152 -52.1238212713438
11.191587448120117 -61.95021673798602
13.395394325256348 -54.941431900353564
14.005716323852539 -79.38177831827551
15.476500511169434 -67.85154776355122
13.398380279541016 -72.60632531632703
25.762155532836914 -29.415527807010093
15.902963638305664 -56.375450806566576
22.005916595458984 -59.28742766874724
13.346158981323242 -64.83740682880261
14.154963493347168 -61.20474755942141
14.24656867980957 -82.62478340625601
13.774176597595215 -75.37892004710054
15.840606689453125 -63.47343338881976
14.884973526000977 -68.23116891329883
14.737696647644043 -58.625594251641125
16.127222061157227 -51.21694215482526
13.43544864654541 -59.88896221399707
14.17894172668457 -73.21597555284688
17.645740509033203 -65.3401285507101
15.533740997314453 -62.58853795073365
18.493383407592773 -53.535990370717094
15.65985107421875 -60.85142424611819
14.104397773742676 -73.04122176290845
14.302599906921387 -63.847352907462
15.686494827270508 -66.12893016430023
15.17119312286377 -78.30601923243543
13.98843002319336 -71.25169865570804
15.838793754577637 -55.772066371148995
15.282438278198242 -52.02593572425489
14.769183158874512 -67.55509184948576
16.438039779663086 -74.38966275314957
17.748891830444336 -65.62513224741967
13.972955703735352 -69.85174821577843
18.801807403564453 -60.18583444950575
18.212203979492188 -59.71429703568761
17.922969818115234 -46.29980187545273
15.17202091217041 -72.40185650003292
13.797137260437012 -71.6095395229236
13.57542610168457 -74.51839100547886
11.870793342590332 -70.85117744853736
13.744277954101562 -67.23515747459993
18.047433853149414 -57.66188114784991
14.625152587890625 -57.83574894011863
13.72392463684082 -45.75934639740154
12.787065505981445 -73.99922311058532
14.35473346710205 -70.98865948594641
14.719873428344727 -58.526351140678436
29.048967361450195 -19.4404003868514
11.188807487487793 -65.80668884582329
15.183209419250488 -45.14712690208448
14.51594352722168 -54.37480388907712
12.12462043762207 -71.98131358745485
16.01353645324707 -72.5731027819659
15.330177307128906 -53.18263870867209
16.02694320678711 -52.768872192709445
13.149971008300781 -75.36307904724045
14.879091262817383 -72.6088499302648
14.380935668945312 -63.99556112798949
11.288311958312988 -68.70511649041836
15.519389152526855 -63.04467066455872
11.717255592346191 -64.43105333260434
14.549544334411621 -72.73429375104038
13.791622161865234 -62.61273880996717
16.21296501159668 -55.93071833727629
27.946727752685547 -30.2962228155274
14.15190315246582 -74.30298135713781
14.076284408569336 -73.550510131539
15.726181030273438 -74.22945874726707
13.409113883972168 -84.76443511369733
13.610495567321777 -65.91049572569872
16.816768646240234 -63.34022585511466
14.937630653381348 -70.65836259710144
29.024646759033203 -28.180297551980203
15.173664093017578 -58.80300630458679
13.860506057739258 -72.42013143046441
14.648811340332031 -69.94703990179451
14.137567520141602 -40.40598905199763
11.939475059509277 -71.41555523460036
14.925683975219727 -71.4370374266688
14.70563793182373 -70.84201788894143
14.354791641235352 -48.987424890972974
13.46004867553711 -74.75072033251136
13.262460708618164 -62.83570257773822
14.952386856079102 -62.45165586001919
13.373170852661133 -70.72495253838449
14.606019020080566 -68.48806426976702
14.187122344970703 -50.667477783734995
14.019227027893066 -68.3095431999811
14.15032958984375 -63.319451458363446
15.211312294006348 -64.84010898453236
17.385637283325195 -32.55272263315571
17.862995147705078 -27.994106708636924
19.16085433959961 -39.113317619222705
14.451864242553711 -60.804236362342806
15.786030769348145 -55.67459590155947
12.406193733215332 -80.84660282338288
13.74354076385498 -72.2790872364871
13.725493431091309 -71.419319156259
14.876568794250488 -76.95070269615415
12.906888008117676 -52.9025211489603
19.8890323638916 -53.61476502425846
12.690159797668457 -79.5996899433299
15.423141479492188 -60.786594964619
11.918850898742676 -67.96844186017066
15.030693054199219 -64.13917189747022
13.818065643310547 -75.9280696796026
14.221134185791016 -60.15859666373717
15.76412582397461 -67.51073858435458
15.615636825561523 -69.70695814272521
13.369695663452148 -66.42850503576007
15.533548355102539 -78.33920556243235
19.584476470947266 -54.806685007580036
20.543588638305664 -29.366060342510114
14.183160781860352 -59.72146371724237
13.49958610534668 -82.77042879104067
14.83841609954834 -79.25417384825971
12.3436861038208 -64.45675667713269
15.379676818847656 -73.36136203813068
12.379640579223633 -70.02868654208794
13.83432674407959 -59.362253457898056
14.83587646484375 -69.94116816054911
16.436796188354492 -64.04476812677032
14.20473575592041 -63.756976972723905
12.017030715942383 -57.93979266445664
15.580276489257812 -78.8491024861863
14.742340087890625 -81.11655261356441
10.913331031799316 -89.19111330767358
15.428919792175293 -64.59841622375312
12.743767738342285 -73.46755790189475
14.950627326965332 -76.8069631576432
14.591617584228516 -69.73527270510922
14.652525901794434 -57.26101714052921
16.42361068725586 -42.97375727441888
15.067814826965332 -73.23859862982863
14.414204597473145 -68.97387128071576
11.921883583068848 -66.99276295305202
14.659326553344727 -69.74196618645215
15.33932876586914 -49.124536748103544
13.768818855285645 -76.70175910612184
16.021747589111328 -74.49948922511933
11.546647071838379 -60.17944800164644
16.780141830444336 -56.90018903753948
21.018857955932617 -45.314312194700705
14.467928886413574 -79.11245368297187
13.752021789550781 -66.81847995802966
12.403451919555664 -66.84916505370488
14.746829986572266 -50.642278277349355
15.498703956604004 -63.590714549844876
13.822596549987793 -67.27576704240775
12.262578010559082 -68.29248219941834
14.222343444824219 -86.14457839477467
14.472062110900879 -52.680527806092165
14.339338302612305 -76.716985168075
13.4547700881958 -65.33222375684429
22.490070343017578 -20.207207118541394
14.122071266174316 -65.01986027675572
15.255599021911621 -52.44220969882854
14.046825408935547 -72.0937276069562
14.514944076538086 -56.89255721397487
15.104244232177734 -86.13278826727645
18.055837631225586 -60.765597536827244
13.440566062927246 -58.96481923545504
15.77918815612793 -47.442034005368996
16.728750228881836 -72.23714192962082
18.298797607421875 -52.44737320281974
13.103084564208984 -86.11713541809038
12.293493270874023 -71.85020759062024
12.326189041137695 -59.22250518478123
16.157772064208984 -49.87158701036273
15.698221206665039 -59.38183781921217
15.148906707763672 -58.79170490759423
14.486515998840332 -79.29507022895578
14.565511703491211 -89.97593610861853
15.581336975097656 -66.66300290544552
13.956604957580566 -57.496598648207325
15.192386627197266 -70.64115468435308
13.13648796081543 -78.14201258939482
12.565053939819336 -77.01503706937073
13.387613296508789 -61.03398049399428
13.755194664001465 -63.463243989411744
16.239625930786133 -53.91327647219657
14.971776008605957 -62.82426970337007
15.15520191192627 -78.90516058249577
14.168756484985352 -78.63131371626791
17.104286193847656 -39.70116606632455
13.496655464172363 -63.409342867087325
11.644807815551758 -68.7726965848309
21.257707595825195 -31.480470902615327
13.035479545593262 -68.35922424459777
16.607309341430664 -73.79878353886316
12.323400497436523 -71.69096168300791
16.2678279876709 -77.23017064367473
12.505995750427246 -64.95134872785543
17.235483169555664 -70.08352860892828
15.369990348815918 -66.88447196438383
16.2484130859375 -58.90938035796298
11.400250434875488 -82.57929156842346
12.88056755065918 -63.11223974676814
13.345439910888672 -87.98609418538469
13.458281517028809 -70.94404371055228
16.68177032470703 -50.7494018173652
13.565288543701172 -65.94130234387387
13.932183265686035 -62.4838132119226
15.419388771057129 -76.71420837105
19.728626251220703 -54.256924103297315
16.45185089111328 -69.65818764729477
13.863905906677246 -58.62774450793244
17.27397918701172 -54.71426387454663
14.93415355682373 -59.222911719846024
16.321102142333984 -53.00673163144938
13.568391799926758 -76.56770373549551
11.815035820007324 -67.87247626786679
13.310537338256836 -66.66719196563983
14.756857872009277 -59.60752535753172
17.336483001708984 -53.41621536081873
12.251455307006836 -76.76977808061378
14.632461547851562 -58.398588116244674
16.557432174682617 -54.69989310166326
14.980958938598633 -74.27756161798042
13.283855438232422 -64.58454975377605
14.045384407043457 -66.24192250437761
15.814164161682129 -60.81048323265157
16.286457061767578 -66.2755954681891
14.696307182312012 -77.24975011174662
11.367899894714355 -68.90420594955295
12.547581672668457 -64.76889981825012
14.194571495056152 -60.26629259299307
13.926359176635742 -56.707758738076144
13.508439064025879 -73.63965561117199
11.297739028930664 -70.81972448753055
14.800362586975098 -70.58946922112672
13.038423538208008 -69.13666213564949
16.119213104248047 -60.82171018367838
16.651071548461914 -62.68083747528314
13.049993515014648 -63.88317906077882
13.429353713989258 -77.1201592420075
12.74348258972168 -77.71605714731743
14.446846961975098 -56.6334692092338
17.901473999023438 -67.16542621359241
14.989608764648438 -66.89808242126429
15.134045600891113 -45.9475298147905
15.248066902160645 -74.16684888849525
15.806985855102539 -70.522170640214
12.465004920959473 -87.60777375833779
14.639448165893555 -66.35083687386498
13.13609790802002 -88.60766979293555
20.358118057250977 -43.68338919728095
14.145999908447266 -63.84573152795166
13.726471900939941 -54.672218307234374
14.81856918334961 -71.88924050815217
16.764671325683594 -61.10549393237705
15.087067604064941 -63.76746712574159
17.73160743713379 -50.014400482833494
13.322325706481934 -79.0275011082044
12.762364387512207 -61.927556853907056
13.669217109680176 -82.02061868825523
13.890424728393555 -60.39883943595229
19.243297576904297 -57.87779468218791
11.212244033813477 -72.58467926516043
15.463685989379883 -63.60201201753605
15.444231033325195 -71.98190635667552
18.030439376831055 -52.418912347801985
14.403923988342285 -49.97270976442259
12.824746131896973 -103.20076895941622
14.653515815734863 -82.04781463623796
13.799413681030273 -87.50722549211127
14.533520698547363 -67.03984388750158
13.659703254699707 -78.2006531130875
14.969094276428223 -59.966593201332124
13.909934997558594 -59.63790250392113
14.01533031463623 -62.87247433193021
11.80620002746582 -54.65056108418138
16.181838989257812 -63.345322274923674
13.921721458435059 -70.99870246261378
12.682469367980957 -65.42298647726074
14.496809005737305 -54.08713825573196
15.297072410583496 -70.14155099663168
17.775650024414062 -50.02568603663791
14.977291107177734 -48.986855012724796
14.397589683532715 -75.00775967744775
11.923578262329102 -89.55920209886035
15.056745529174805 -68.4184621080195
13.660520553588867 -73.6907330129064
14.602614402770996 -70.24182930598838
18.69977378845215 -54.18378628055049
23.552640914916992 -25.445122253625108
15.083085060119629 -65.41968570483067
13.868566513061523 -65.07067600832134
13.615896224975586 -79.81152396990112
16.14286994934082 -51.72468948863986
15.677459716796875 -79.3037026123904
14.173495292663574 -61.494290159112545
12.824617385864258 -77.63768014487948
13.187934875488281 -77.25650210921387
13.95241928100586 -72.93844473175243
15.286845207214355 -68.47808005664862
13.228397369384766 -50.29158607313399
14.082991600036621 -57.1656968438881
14.356627464294434 -85.14466676275006
17.179779052734375 -61.61472880701738
16.508211135864258 -46.6406083949757
18.43143653869629 -42.94367474434946
15.271531105041504 -45.12654575974534
15.932361602783203 -62.31449052192127
11.300311088562012 -73.66789774512428
13.179948806762695 -75.14916458620218
13.903752326965332 -82.21369530859292
18.58578872680664 -61.2383881951304
16.65943145751953 -54.96811056452762
22.605356216430664 -31.454342901096545
16.37569236755371 -61.28564392511647
12.974827766418457 -66.56902301268613
15.894057273864746 -38.79220569637832
15.494698524475098 -68.03152703351505
14.36303424835205 -50.448407444789
13.827520370483398 -69.40851918815298
13.265976905822754 -75.28915550188229
12.963483810424805 -63.185274544375034
11.996021270751953 -62.42368214084718
14.453070640563965 -71.2804150115324
23.3262882232666 -34.85477792657857
12.16395378112793 -77.07415195272088
15.013307571411133 -76.00614994778023
13.691605567932129 -81.8688536324914
15.49601936340332 -92.97780299119353
12.045511245727539 -62.3660644174697
12.689653396606445 -80.140702677687
14.771305084228516 -60.851787079108966
12.369765281677246 -60.5379789400543
14.084272384643555 -50.980650899677926
13.74341106414795 -52.090464212296766
12.502532958984375 -77.2400429465753
16.128692626953125 -67.49466571704647
15.403937339782715 -69.16576537416269
14.277030944824219 -65.51903710649412
14.130147933959961 -66.04402659071414
15.397080421447754 -68.60387360500486
15.307304382324219 -62.78842976593271
17.382822036743164 -41.737073097841574
14.125060081481934 -58.173846634453135
17.64678192138672 -44.29613079315429
12.704710960388184 -57.78214678155495
14.050235748291016 -66.44577253494998
12.947989463806152 -75.86362828810138
15.310717582702637 -48.71778024945588
13.226522445678711 -73.70059140269932
16.18040657043457 -79.772101601348
12.62339973449707 -64.06305424026611
13.433892250061035 -64.97841149572415
12.148008346557617 -73.37916744012375
16.375240325927734 -67.48257117635103
17.097793579101562 -58.05103059023045
15.378744125366211 -56.30834876509267
11.84979248046875 -71.26732492357394
14.088363647460938 -61.36557392311476
13.805203437805176 -61.12466876400613
15.833666801452637 -59.912108159726294
14.544988632202148 -57.263701691550764
25.252763748168945 -38.27429684065533
14.251407623291016 -71.88528708310895
13.094863891601562 -75.10119307953869
13.417339324951172 -66.38293934808598
12.632452964782715 -72.42165924435142
15.184165000915527 -65.0446953299507
13.116283416748047 -69.15083026490738
12.012369155883789 -74.33977344240755
15.769383430480957 -53.33691530738097
15.013056755065918 -66.97082667976119
12.747404098510742 -62.89555593020586
12.740805625915527 -75.8740447062899
17.325794219970703 -55.0671547064439
28.433815002441406 -22.06573434594366
14.861776351928711 -61.15447882977529
27.405166625976562 -45.41812938970851
10.899994850158691 -78.84429192820144
17.15410614013672 -58.02298884651642
13.808402061462402 -67.81692235364085
15.88563060760498 -67.8063619301731
16.90850830078125 -55.34480891432081
14.873988151550293 -67.29932825267348
15.996423721313477 -47.23496563241067
14.13571548461914 -72.02341914731039
16.47486114501953 -57.329613479305834
14.853205680847168 -60.446648222852055
13.864218711853027 -58.14785351212852
15.250970840454102 -56.23462916762035
14.703872680664062 -64.87269324336697
13.869100570678711 -78.15595794252542
16.674612045288086 -47.99697179339922
14.192340850830078 -82.11220170869328
15.535463333129883 -57.72862322790533
13.81181812286377 -86.65217010985884
17.306211471557617 -49.41126844737787
14.175790786743164 -67.90633559099557
14.002275466918945 -71.22256163334639
13.60471248626709 -60.26050268436438
15.3566312789917 -59.92921821326648
14.240215301513672 -63.38939254681226
13.62740421295166 -67.36758621419128
12.760262489318848 -75.77752908082326
16.094993591308594 -70.6771186030278
14.966590881347656 -69.26664924940876
12.415801048278809 -77.39859752179848
15.023430824279785 -77.81013337455198
13.443459510803223 -89.02439976908954
17.063289642333984 -53.88779041970368
15.92513370513916 -53.27312837308452
12.58000659942627 -64.61845366924815
15.576488494873047 -61.70439548875187
15.329985618591309 -64.8331833551589
23.7827205657959 -47.284837904128366
14.164247512817383 -69.33843586595627
14.357545852661133 -61.91726815927305
21.812864303588867 -42.60312189306961
15.540103912353516 -72.99891039505201
15.46661376953125 -72.91856908382312
15.6906099319458 -58.07108225007722
19.205713272094727 -48.1786074154108
12.70007610321045 -78.24297627096456
13.630949020385742 -61.43669182683522
14.669685363769531 -77.07980151352137
11.105790138244629 -45.827496214760366
14.386011123657227 -62.44137748318819
13.969536781311035 -74.15062833893802
11.351338386535645 -87.24706608776253
16.403867721557617 -49.14631656807727
15.883626937866211 -49.7229568588438
19.962448120117188 -39.47026933893111
14.781987190246582 -73.0302290708108
19.166770935058594 -35.89646638732815
14.601232528686523 -58.585981165993545
14.37613582611084 -76.96881602750187
19.725879669189453 -61.87217770019141
16.307655334472656 -54.515388089076225
18.0196533203125 -55.38726070173766
16.355134963989258 -54.86788748675329
17.561262130737305 -34.21340334130463
15.449697494506836 -57.91406778690282
15.026896476745605 -65.61651643136759
12.322066307067871 -77.29483137635755
17.181812286376953 -69.40023657103752
13.68984317779541 -62.327909913793825
15.723084449768066 -66.57361451468668
14.460084915161133 -69.01705568765502
11.882207870483398 -63.64998027817499
13.886300086975098 -62.63079912516932
14.04455280303955 -71.65179278737736
12.53408432006836 -85.17747499446375
13.613362312316895 -55.12249044728101
17.102663040161133 -75.8027194901249
11.513638496398926 -66.42764379684259
13.12122917175293 -69.41003211005537
14.485955238342285 -77.40795081906765
10.467194557189941 -75.13761708381581
15.033482551574707 -65.51306186932564
14.429240226745605 -68.98516851347848
15.958331108093262 -81.76214791831563
12.800979614257812 -67.81468877226125
13.657917022705078 -75.724305480391
15.037263870239258 -65.24265007989797
13.876824378967285 -70.08567427851582
14.690312385559082 -74.00085913208906
14.820658683776855 -63.96927776718171
12.761605262756348 -80.55305829000852
15.256067276000977 -59.459995067933534
10.863312721252441 -81.72638702796974
14.721795082092285 -83.46449829331466
15.43030834197998 -74.21880363285763
13.71251106262207 -74.93851478977055
15.525476455688477 -63.620278890058756
14.87879753112793 -81.22091092080076
11.253877639770508 -77.21416935164984
13.190216064453125 -70.47970926677219
14.377524375915527 -67.55447124034183
15.26684856414795 -65.21296990420751
15.987279891967773 -58.28849851833107
14.154901504516602 -82.24811194524298
13.928565979003906 -60.92069716014114
15.27148723602295 -71.26112741131583
12.403592109680176 -61.42740416000509
13.983080863952637 -61.11995599953287
16.943687438964844 -58.22141970617385
16.244247436523438 -52.17640060223361
14.332174301147461 -78.79907460288857
13.205388069152832 -88.92206669642248
17.208341598510742 -56.475434405442876
15.661142349243164 -66.3318593430492
12.606343269348145 -70.34026511227128
14.428906440734863 -52.95091403231276
14.061539649963379 -70.59564909520664
16.44045066833496 -59.74691173353809
13.853447914123535 -91.73821680156537
15.77827262878418 -44.3258114121344
19.425289154052734 -34.57731120555792
16.49919319152832 -60.851097945294356
21.181425094604492 -46.219724264669225
15.063634872436523 -66.82777626400339
10.938677787780762 -71.1881770751205
15.473814010620117 -63.106009041449134
12.39093017578125 -84.6873731774259
14.0411958694458 -54.247274785980565
16.73424530029297 -60.40951507474124
14.278535842895508 -69.77939926333985
15.283949851989746 -75.257967698142
17.46537971496582 -44.30686332585714
11.342872619628906 -81.80075123696808
14.419432640075684 -82.47376709349875
15.1206636428833 -43.821485869922384
18.36075210571289 -53.87924493858586
19.86012840270996 -51.64862356507966
11.612272262573242 -84.5965762939362
13.55650806427002 -73.52605361899144
12.766942024230957 -69.85341000440259
23.98164939880371 -36.88099230325074
13.001317977905273 -61.676253211057315
12.414209365844727 -101.25650026450867
16.629743576049805 -50.81732033455929
13.795961380004883 -69.74547048761174
15.941529273986816 -54.378753969570155
13.69176959991455 -64.05925060619316
12.496767044067383 -79.14259830614489
14.691957473754883 -72.01903969668771
23.235212326049805 -29.87166981748224
16.335800170898438 -45.857627094926265
13.512683868408203 -63.20300114082648
14.552725791931152 -60.60229809693499
11.757956504821777 -69.21402807393746
12.91589069366455 -99.33373736951397
15.376474380493164 -60.892728987830665
14.132171630859375 -60.98148568899366
14.314509391784668 -73.72039438676494
18.598377227783203 -40.46310087711209
17.150489807128906 -63.45773017017979
14.470888137817383 -50.645168211856145
11.661142349243164 -71.86710366841024
12.780385971069336 -80.95095628082521
12.027694702148438 -83.07177880334665
18.027753829956055 -51.30185162172496
12.798808097839355 -65.60843262782899
14.199092864990234 -77.12648678663905
14.45115852355957 -51.804957360882035
15.600765228271484 -62.42714318733321
14.733851432800293 -82.26204923178851
13.80720329284668 -65.19997388225798
13.109772682189941 -55.77969243902695
11.63097858428955 -59.15031567871708
15.159213066101074 -56.67731947722205
14.868796348571777 -81.50747526384416
17.533706665039062 -44.073676871018634
15.015815734863281 -68.2514419546239
15.486882209777832 -54.32735970988849
12.211359024047852 -74.10336504822003
13.01275634765625 -73.91820839823544
17.268768310546875 -48.96610529816874
15.214815139770508 -53.7018944722496
15.600468635559082 -62.97311389014835
13.957392692565918 -70.75047474271597
11.510665893554688 -68.21225725413501
11.52260684967041 -75.84752260277412
24.172470092773438 -28.884471583694722
15.076642990112305 -60.26218477249128
13.50514030456543 -75.67162021791935
14.296686172485352 -71.92778669921535
18.628889083862305 -58.4253894624013
14.733501434326172 -72.26264183975954
11.552633285522461 -77.0078947576855
13.881518363952637 -73.78175135841187
13.296009063720703 -89.7707995409859
13.790860176086426 -72.08932288354673
13.993392944335938 -71.7313321676738
22.47109031677246 -36.38794033196067
15.067368507385254 -85.63395021211926
15.691875457763672 -60.53999812955589
13.105762481689453 -68.88680087636799
15.026203155517578 -69.68573585744531
12.958251953125 -70.9124801564115
12.943028450012207 -64.44124722451666
15.056941032409668 -79.1621810102899
11.838366508483887 -72.05769312842196
14.52755355834961 -52.96739786465086
14.10631275177002 -68.09954783400116
19.183874130249023 -51.383624138005125
14.252995491027832 -62.870272901112486
14.556694030761719 -59.67768973614538
15.063419342041016 -64.16193064340902
25.917098999023438 -28.974650787099492
13.710736274719238 -89.43626611376894
19.175209045410156 -47.43008839285597
16.204387664794922 -56.658174592621236
16.839698791503906 -83.64991297636037
15.079459190368652 -68.92812354785934
13.737380027770996 -64.15759149457963
15.834257125854492 -72.54357718852377
15.313894271850586 -50.906338215102814
13.779134750366211 -57.59036652809628
14.627479553222656 -63.27312837789041
14.112442016601562 -48.39605106723688
18.480634689331055 -63.55840191249316
11.4904146194458 -69.48391219688325
13.524511337280273 -57.897595268352276
13.171792030334473 -76.77477720309761
14.440979957580566 -76.64451457547537
14.171110153198242 -78.07868481997956
12.36221981048584 -59.57395386484737
13.101421356201172 -64.12157111813528
13.07491397857666 -60.52554326905194
10.107365608215332 -70.28357053968114
14.92503547668457 -57.545069576871214
12.211705207824707 -69.74573699211831
14.666329383850098 -75.76226241806029
14.072938919067383 -56.60730528538415
15.103309631347656 -70.57464880251015
15.633931159973145 -43.52018008450677
17.548734664916992 -53.565240270151016
14.073423385620117 -97.21059155781282
14.561639785766602 -56.008523607186106
13.604805946350098 -66.34761459804517
11.474957466125488 -68.47269655481068
15.322918891906738 -61.697798340081974
15.137112617492676 -77.22867959461104
11.916848182678223 -71.5362501214029
19.478397369384766 -19.614805164235452
16.875755310058594 -63.55387690712667
14.921025276184082 -81.44644825002553
17.914228439331055 -45.30115181193062
11.080269813537598 -77.01139120472251
13.647114753723145 -84.40684566719773
12.773852348327637 -96.83830025868386
15.833985328674316 -61.37958020548444
14.508206367492676 -75.46743858250184
11.388940811157227 -80.63379399647317
14.220656394958496 -70.87446529270441
13.890501022338867 -62.870951265951966
14.487733840942383 -67.09679477654913
15.26732063293457 -67.4905337038443
14.89122200012207 -67.14189491373268
13.634688377380371 -68.60284966193129
13.519509315490723 -65.77548408086159
13.603633880615234 -72.82090326563292
16.062868118286133 -55.64533622201729
10.686222076416016 -60.42625389827828
12.852307319641113 -87.41933238302502
15.616941452026367 -67.0794541922068
14.685845375061035 -65.95943396937935
14.549901962280273 -61.959230508665705
13.398235321044922 -67.66873388021403
15.167886734008789 -62.86649560592288
15.315194129943848 -73.01907148509784
16.534927368164062 -59.17993671063357
14.259173393249512 -61.898648903545855
13.045845031738281 -60.97702509887973
21.85639762878418 -40.36409580053269
17.475008010864258 -55.13532219853443
16.10526466369629 -50.5635470675178
16.304561614990234 -70.23014875684012
22.28033447265625 -55.83024308306423
13.492548942565918 -66.86727482131687
13.428855895996094 -72.5188561188842
30.038978576660156 -24.980961991977154
13.614089012145996 -71.81189657998513
15.147412300109863 -60.34614075622458
13.612407684326172 -65.96445924155672
15.366928100585938 -48.125063260305296
14.336923599243164 -75.92778269594686
12.959131240844727 -85.93631874609275
16.418001174926758 -58.89035251835384
16.42962074279785 -71.7614042073473
12.890419960021973 -74.82969896811193
20.276750564575195 -27.089588324472913
15.77769660949707 -80.89320711272995
16.63408660888672 -54.37834375934844
13.912751197814941 -63.62146630688125
15.361822128295898 -77.9034993346176
11.866747856140137 -48.50505038601443
14.704278945922852 -58.27547740252527
10.945849418640137 -72.85311310688859
12.960007667541504 -68.18997687906709
13.173748016357422 -76.65911070028815
15.333486557006836 -42.600292976542704
13.875228881835938 -73.98629813427232
13.837767601013184 -89.73729328553577
18.2825927734375 -66.75788727487574
14.618081092834473 -69.36595788153093
11.965005874633789 -75.6383148545784
14.526314735412598 -62.32489517025321
13.128427505493164 -68.08364824316538
13.968853950500488 -60.967518246416
14.495391845703125 -62.252181313220134
23.624252319335938 -39.697434203821544
14.907608032226562 -62.75544512029469
15.082871437072754 -71.16438305833127
14.066736221313477 -72.66274429439017
18.239748001098633 -62.06241939085395
16.173925399780273 -59.08721660285316
16.25027084350586 -52.71661812757317
17.462060928344727 -69.8017079702449
15.81827163696289 -67.89407381579798
13.706924438476562 -81.46767984972509
10.94882869720459 -69.33617779545008
14.216707229614258 -85.01243316801386
15.875202178955078 -70.49803522320212
13.021309852600098 -85.3366943700563
18.935335159301758 -60.87770891248562
13.958449363708496 -69.9201943604127
12.712270736694336 -85.17870371522835
13.024165153503418 -78.88819181471942
17.665847778320312 -46.381044240911294
14.107245445251465 -80.37028391793467
12.323287010192871 -68.64778444430232
14.854134559631348 -77.31620276720037
13.812857627868652 -55.51758576722484
12.503335952758789 -68.45197278865646
15.350911140441895 -73.47651775441287
14.650809288024902 -58.36969051804516
15.915040016174316 -57.753350817724545
16.650264739990234 -51.586047397438776
13.550149917602539 -74.35821194171038
15.586804389953613 -55.850671850124684
22.304033279418945 -55.93247954717379
14.928521156311035 -66.0485741084272
17.5622501373291 -57.839755095941
15.97736644744873 -53.60206823067414
15.943575859069824 -57.65375148639319
16.841896057128906 -46.133585768763055
14.118196487426758 -42.57313326366629
15.26549243927002 -55.11936932170119
18.63125228881836 -67.39433119968979
14.172633171081543 -69.89976571684477
10.872224807739258 -63.04568414427989
15.816614151000977 -55.687770178619104
14.545679092407227 -90.16381581794157
15.84149169921875 -78.18907555862134
16.25282096862793 -53.78516198559421
14.325461387634277 -88.49892291163437
15.495845794677734 -69.10831648676998
13.51928424835205 -70.7139693261023
23.25223731994629 -43.594989941419726
13.818089485168457 -64.94859553643212
15.388520240783691 -69.70087989725502
29.53288459777832 -38.72336334307186
14.373161315917969 -68.94926232347117
12.663125991821289 -95.12456425025354
18.913040161132812 -53.59532877946033
16.973962783813477 -59.59964247685812
11.817937850952148 -63.67767581124915
19.604124069213867 -53.85589839654788
14.813755989074707 -82.3973529570274
13.728939056396484 -60.02442665803412
14.76801586151123 -74.43001701945295
13.89148235321045 -72.74590268648384
14.382946014404297 -81.52228778034693
18.083946228027344 -42.8705157920016
14.694087982177734 -59.46458359078575
14.200601577758789 -74.35961277835442
14.20613956451416 -68.24463992450929
13.400395393371582 -58.24563575018876
14.906656265258789 -65.94691539187829
13.765401840209961 -60.94061660506326
18.965993881225586 -51.09547280928189
13.907649993896484 -68.26596051870887
10.787446975708008 -59.19254231291227
13.853585243225098 -75.15804422408814
17.597900390625 -59.99276299038525
14.706951141357422 -56.11559862496044
15.459250450134277 -53.15242717203596
14.81155014038086 -49.011955208949445
16.11606216430664 -63.428534098003624
12.59139347076416 -81.01388957676949
14.416088104248047 -77.23606409786447
13.777409553527832 -76.81467017430955
12.65349292755127 -72.74051273891371
13.493124008178711 -70.31544062542801
16.88412857055664 -56.29329276768551
14.784865379333496 -61.43399087400784
13.22072982788086 -72.26582609377546
15.286706924438477 -46.08971254664189
14.2959566116333 -67.45174732021182
14.71187973022461 -61.7894651245077
15.484331130981445 -57.01347988209597
14.748564720153809 -73.88632925492115
18.080158233642578 -46.566052019392856
13.693180084228516 -70.45686751871924
14.61813735961914 -66.03443440994423
20.620136260986328 -34.43722660673135
11.744948387145996 -81.14768021663807
15.805389404296875 -74.73079529636553
22.510656356811523 -48.045976396220745
12.301688194274902 -80.3781708774869
15.681073188781738 -64.1083703730238
15.909638404846191 -61.44503633015863
11.923900604248047 -76.96083905163721
16.492279052734375 -61.85883808381401
15.356552124023438 -72.40754321778981
13.80881404876709 -64.13260569413357
13.7606782913208 -61.98717736403957
15.46628189086914 -75.2645960909808
23.506933212280273 -32.06961366595523
15.560400009155273 -53.837454052252525
13.415246963500977 -65.70957082625335
13.363523483276367 -60.716286056453995
11.874631881713867 -84.90398659608924
14.946793556213379 -69.463571034984
15.3079252243042 -62.886512515510084
16.317628860473633 -74.64119031601226
14.096574783325195 -76.83512231363164
15.744104385375977 -76.84075394173294
14.009201049804688 -61.69359723651732
13.301992416381836 -59.188301795055025
17.197368621826172 -44.96141705241047
16.849699020385742 -64.95443042190507
15.117377281188965 -61.072477762211534
14.153030395507812 -77.8221893088562
18.71295738220215 -57.22186144205939
15.596878051757812 -64.88120951490997
10.330810546875 -67.05273840060283
14.840215682983398 -52.030495933652624
19.172475814819336 -46.643952684893016
17.967702865600586 -61.020912644360585
27.96767234802246 -32.89330500259706
14.289745330810547 -73.61420570527096
14.51481819152832 -79.25026358547859
13.974637031555176 -80.61865202221414
12.983614921569824 -63.049345541736116
17.12325668334961 -73.76004408720378
12.333747863769531 -54.76961011654146
14.181313514709473 -68.49050418876004
14.11143684387207 -76.3046973454227
19.150882720947266 -35.53069998442801
16.155521392822266 -59.98672880050277
13.832432746887207 -85.31644748478821
15.509960174560547 -58.410116517838574
18.355636596679688 -53.19139081685385
15.420021057128906 -73.54301743378434
18.63736343383789 -54.87596410139385
15.659770965576172 -43.73868100111419
13.149014472961426 -69.26063080435054
13.98249340057373 -88.1911879876917
14.965803146362305 -64.41107809739783
16.245746612548828 -50.112945795781016
14.08992862701416 -65.29283818294024
14.62905216217041 -73.78152228632683
16.171342849731445 -56.882704494997355
15.486347198486328 -69.95429124206498
17.157447814941406 -54.78903432943275
12.57405948638916 -74.06895348769885
14.055466651916504 -64.5066373065145
13.852510452270508 -83.10220917503398
14.916865348815918 -79.36907768435046
12.94252872467041 -55.09703096681363
17.708168029785156 -82.95731973138552
13.598191261291504 -77.55541343100727
13.461479187011719 -84.61202105427711
13.658406257629395 -75.00001402967585
17.371295928955078 -47.95766793024866
13.188251495361328 -66.80857835006184
14.995474815368652 -64.84245099326192
11.968002319335938 -76.31604949916931
13.833629608154297 -77.09453793360038
13.43054485321045 -67.63988092685918
16.852636337280273 -65.55210038711161
13.7589750289917 -61.797911160920435
15.70823860168457 -58.01570810225682
14.05357551574707 -65.03739818414567
14.4403076171875 -65.29754088169474
12.31209659576416 -66.91677336682534
16.20498275756836 -75.25548940166371
15.592032432556152 -52.37788587413085
13.369531631469727 -61.71117156908482
15.104368209838867 -46.64127345068438
14.746138572692871 -69.71110905766167
13.20859432220459 -86.21120331369977
15.61812686920166 -76.94528466647282
14.878992080688477 -63.74484979672973
21.640460968017578 -45.03124229517687
32.321075439453125 -28.99376566910611
13.788299560546875 -66.13960458693117
17.641996383666992 -77.6337293486221
12.033673286437988 -64.56135111726604
13.67602252960205 -67.64967241759695
15.9493408203125 -68.9310368024771
15.974721908569336 -65.40764598043
18.78755760192871 -55.447751023085615
11.425604820251465 -66.63720979892523
17.381357192993164 -64.62405250545594
15.43769645690918 -83.59088152757121
16.584169387817383 -55.41657294388477
10.820801734924316 -82.452592554753
15.144037246704102 -64.90254436586018
13.147284507751465 -62.111237003745174
15.05318832397461 -66.48096255493311
16.36630630493164 -72.1827194692983
12.683476448059082 -91.22200106028582
14.145299911499023 -61.39266124788681
14.811556816101074 -70.30960470635125
15.192815780639648 -69.7251690848812
16.883508682250977 -47.80741140879408
11.201581954956055 -47.0259312502723
13.275339126586914 -69.02910539777463
16.98521614074707 -54.93975194639276
13.282380104064941 -74.16497906834826
13.762259483337402 -68.4254686207061
15.631768226623535 -62.286997963582024
17.297094345092773 -55.52976378705294
14.184751510620117 -65.28579525673203
14.217684745788574 -72.05821502482809
12.390007972717285 -83.25736491417916
14.985834121704102 -87.27135008762946
20.314373016357422 -58.54905049532847
14.487802505493164 -68.36338788018
13.771760940551758 -72.61619952715319
14.91851806640625 -74.26435772688042
13.638136863708496 -88.8665572121349
15.229296684265137 -59.443420719285356
15.392258644104004 -59.14431199553225
15.872535705566406 -71.15869046631063
13.115055084228516 -78.70467446621805
12.672554969787598 -71.44591570609819
11.857863426208496 -59.56555397615748
14.139214515686035 -73.96247157125981
13.249412536621094 -78.14020471227863
17.18210792541504 -66.69922594739677
15.352810859680176 -48.630771882886926
13.58535385131836 -74.51138147016829
15.141359329223633 -69.14431595142455
11.574531555175781 -73.45974076206316
13.250755310058594 -71.18260830349394
14.486173629760742 -68.92907912824401
13.19581127166748 -62.1264088635694
12.884364128112793 -70.48086269961166
14.205551147460938 -83.09681896364238
12.578693389892578 -81.65417813494088
21.015871047973633 -42.80804242313957
15.669465065002441 -64.89141046110134
13.696516990661621 -78.43923363050668
14.236457824707031 -73.71870471177172
13.828941345214844 -78.40456344359976
14.038487434387207 -64.1309376432957
13.514474868774414 -64.96316383277845
15.624425888061523 -69.49709706364425
14.869245529174805 -81.82232954932729
14.222352027893066 -78.42451701878457
14.639723777770996 -47.53980640177682
16.390796661376953 -66.35663238761614
10.622641563415527 -61.99680776905378
13.621108055114746 -74.95449814715383
16.877798080444336 -54.49942976033715
17.42365264892578 -51.49126040795106
14.602277755737305 -61.57086933192791
15.143600463867188 -66.71030290011254
14.263348579406738 -87.95555719757056
12.88776683807373 -76.98580388878023
14.74707317352295 -75.08285843582813
14.348238945007324 -64.72448198494615
13.34402847290039 -73.32791652750973
15.324893951416016 -70.37999796643788
13.384771347045898 -57.58639230709371
14.177474021911621 -58.38191251319991
16.231534957885742 -67.21885955437384
12.23289966583252 -82.69578515904058
14.731071472167969 -58.014137297711784
15.508450508117676 -55.9941602714712
16.474388122558594 -79.96683829341802
15.187788963317871 -54.545951549514
13.565239906311035 -85.91936305117864
12.72961711883545 -49.400779769166924
14.909858703613281 -66.16775189029201
15.169458389282227 -77.16944112392203
22.058401107788086 -37.81796825636361
20.529653549194336 -56.21138653848108
13.011621475219727 -74.59929047353916
25.607669830322266 -30.41494893685489
15.489831924438477 -73.91798842192696
17.171199798583984 -40.18879074003855
13.946012496948242 -82.94471599324572
19.696857452392578 -70.49075866813371
12.466119766235352 -73.34474303839858
20.067089080810547 -49.27546321300739
16.702726364135742 -53.13716070748666
15.107279777526855 -58.37905897196
14.798090934753418 -81.28487094622685
21.164546966552734 -42.849829665321366
12.62683391571045 -73.10708078510226
16.914810180664062 -48.66391783953542
16.601985931396484 -64.65634062615453
12.705704689025879 -57.31013182625554
13.938701629638672 -65.30333413594258
13.21663761138916 -78.61321110721744
15.692872047424316 -71.91343229105415
14.38089656829834 -53.73097767551816
13.487652778625488 -60.329452609668614
17.155147552490234 -58.63450793813763
14.17955493927002 -79.2608446583393
13.156289100646973 -68.48458379838385
13.137411117553711 -63.5906419286833
19.0877742767334 -58.564557436747734
13.958782196044922 -62.13859721452261
34.70431137084961 -25.5464172836356
21.449182510375977 -34.15671185280992
13.949584007263184 -59.01828877754638
19.367950439453125 -48.1156964884365
14.526632308959961 -65.74959224279442
11.726083755493164 -90.23175892354298
15.766091346740723 -73.5566486566508
14.491068840026855 -69.48949653045696
17.727991104125977 -73.7947345805351
14.828279495239258 -76.07213782128926
13.429044723510742 -67.55268646537105
13.312708854675293 -72.54531083867788
26.617822647094727 -29.8482971322942
15.50423526763916 -60.91634105199985
14.091940879821777 -67.29227658883315
11.821104049682617 -73.6760310758427
13.282377243041992 -72.14204914342999
14.826711654663086 -67.58785156795112
14.01699161529541 -78.50403274232276
12.7448148727417 -57.66597942718188
15.367159843444824 -76.37496038758556
16.976409912109375 -63.98296516901053
17.113054275512695 -46.608078663063814
14.819969177246094 -68.64227110328783
14.973236083984375 -75.50447528108184
13.687779426574707 -77.57102801580758
14.566723823547363 -80.04640388786042
16.058761596679688 -55.82705586922342
15.125303268432617 -64.78106001486044
15.894233703613281 -68.93942897576261
16.684255599975586 -63.22397798405417
12.400721549987793 -79.64676056448363
13.439352989196777 -80.4788623046354
15.708625793457031 -80.05334069016371
14.220056533813477 -66.42595376570503
13.606866836547852 -81.79404264681975
37.02510452270508 -20.4459827133604
16.575618743896484 -55.69877021975086
13.964792251586914 -82.64982720328483
17.71828269958496 -64.98940015351025
14.927868843078613 -58.297640903265844
12.702598571777344 -73.6824956983103
13.388387680053711 -60.96521164379907
16.361772537231445 -61.618055852163664
12.178739547729492 -83.77661957198687
14.851361274719238 -71.80788891626126
16.15281867980957 -56.76742056010605
18.542051315307617 -48.59745438676936
13.741368293762207 -46.47784433806824
13.846811294555664 -66.27046775642566
15.444128036499023 -61.866955274093556
14.949911117553711 -66.57633496805636
14.701143264770508 -62.29793018073854
14.034178733825684 -73.04698126199087
14.25771427154541 -76.23616168220542
16.305763244628906 -59.50762248047498
13.393458366394043 -79.49208189603166
14.777063369750977 -77.4164536950845
14.093125343322754 -72.87142971023127
18.176469802856445 -48.634647508061875
14.035099029541016 -58.75944935877074
13.375452041625977 -52.38944323923915
11.972500801086426 -87.57470336049249
13.115412712097168 -67.06007135342725
14.648773193359375 -71.81383572652999
11.687163352966309 -73.25154243830254
12.718244552612305 -69.76329370977565
13.762755393981934 -71.79898309062409
15.87545394897461 -64.61339490173546
14.73754596710205 -71.74616781711129
14.537418365478516 -70.87822458927377
14.42083740234375 -76.55856464377848
16.10256576538086 -63.5322207104669
14.806595802307129 -59.92757611031213
16.756746292114258 -81.54785461527737
12.477439880371094 -64.79355486775373
13.722879409790039 -71.79188089945946
15.699368476867676 -55.27793729824493
13.818470001220703 -62.7186619603908
17.508298873901367 -44.97483417826518
18.23112678527832 -57.87886190806309
14.53449535369873 -77.00606663268763
15.948996543884277 -64.63522517436054
14.664177894592285 -80.05189702105696
15.620240211486816 -48.74445328908115
15.256957054138184 -60.02840588301748
14.543530464172363 -73.90351216738006
13.804216384887695 -74.41065989283828
16.189834594726562 -72.91308659807058
15.668468475341797 -50.087999696242775
14.427102088928223 -76.15944727375567
16.641023635864258 -60.04648287937096
15.381763458251953 -69.31938764183644
15.356232643127441 -76.86155207550199
14.623143196105957 -57.85416414838001
12.210930824279785 -55.97761940747118
13.399330139160156 -60.10085363432809
14.231003761291504 -76.2151853393207
15.824280738830566 -78.98775964378291
13.236413955688477 -75.15039110140509
12.710467338562012 -82.52615604464302
16.682147979736328 -63.55246453920803
16.831296920776367 -61.95643724566372
16.549015045166016 -46.54539061741533
15.859892845153809 -56.246491987575155
12.283989906311035 -75.61094876274969
13.173888206481934 -70.23913736584853
13.965953826904297 -71.67722655415612
15.302910804748535 -54.13448790256095
16.89790916442871 -59.79659404918199
15.083887100219727 -70.1314078408036
20.634857177734375 -59.36528264973574
15.535195350646973 -53.23380413727438
18.76470184326172 -62.88782985333136
14.62870979309082 -49.60073557613005
14.665436744689941 -71.99402007487043
12.562905311584473 -43.030340532156075
13.469049453735352 -53.4079519811594
28.0624942779541 -35.3778130068636
14.280559539794922 -67.02441485221212
13.983731269836426 -60.12423324732126
15.17274284362793 -63.78274572469032
15.09354305267334 -79.53205178627428
15.388341903686523 -59.98811256323688
14.095161437988281 -84.1067515452009
13.273797035217285 -80.47564862660424
14.189410209655762 -71.98848965209446
13.70391845703125 -83.25987221040218
25.068387985229492 -53.760471604111416
13.566680908203125 -48.458647034700476
12.616641998291016 -66.78279179604542
15.967711448669434 -64.93311434563931
11.59426498413086 -64.80996238818294
13.986832618713379 -88.59325810351874
15.307140350341797 -64.3396333826348
14.000197410583496 -63.69311473553309
13.692567825317383 -59.252486660424566
11.888754844665527 -64.35884033571811
21.206180572509766 -41.325757209739656
25.780607223510742 -30.021431421393025
16.882036209106445 -59.35855429164778
17.168792724609375 -58.39457310698759
14.268649101257324 -58.678697111964105
14.444764137268066 -72.04980051454984
15.861562728881836 -45.57528247262247
13.91727352142334 -75.91884189023573
13.581951141357422 -68.8255073950238
14.720081329345703 -49.220195094929316
17.644756317138672 -65.35674843636824
30.482131958007812 -36.48723257120817
14.415031433105469 -82.64921752321753
12.168482780456543 -66.84713109757409
15.9374418258667 -77.52624050083837
13.393401145935059 -60.553652314355745
15.425311088562012 -74.77282886366092
15.2409029006958 -51.73264173208153
15.389298439025879 -61.35140032179554
17.456018447875977 -52.90492957007225
14.409088134765625 -77.09243674453519
15.84118938446045 -63.09982899811695
33.634925842285156 -27.290635214149987
15.290668487548828 -76.7185614791613
13.328828811645508 -71.71714257862328
12.447700500488281 -71.50149816821906
13.021675109863281 -83.55351886622397
13.785686492919922 -78.42136323611449
14.407557487487793 -77.10790438345828
16.3182373046875 -70.66075675007616
21.4494571685791 -68.16463651098456
13.624597549438477 -62.39102358710477
10.987025260925293 -85.56421395133432
12.539984703063965 -77.42999457536735
13.82652759552002 -64.46019529203852
11.541237831115723 -69.25309283089854
28.955974578857422 -30.21220411747487
13.522480010986328 -62.45357294582759
12.965764045715332 -85.30730223981722
13.323750495910645 -63.13828123217314
16.507537841796875 -48.1123020317403
14.919208526611328 -68.85797225715285
15.761951446533203 -52.80346521866331
14.94171142578125 -59.00074144455103
12.811525344848633 -67.42865614814369
12.796842575073242 -81.20347294066733
13.889311790466309 -54.59868887988056
15.049891471862793 -64.81245646504298
13.184281349182129 -76.54296985024112
14.292184829711914 -79.18567306176678
14.773539543151855 -73.58568227152398
15.254247665405273 -54.34489598101822
19.430139541625977 -46.25170229413113
14.932724952697754 -67.79113526382747
14.584210395812988 -64.97532700443912
13.678342819213867 -83.2328961454876
18.7403564453125 -46.29293841725958
13.579004287719727 -64.81291284304068
13.642366409301758 -56.5884401357353
16.19310760498047 -56.40360934900427
13.165663719177246 -70.68869621420231
13.243428230285645 -66.06474461304568
13.507003784179688 -65.2000085722356
20.706707000732422 -33.79600044962176
15.159138679504395 -77.96568820706739
17.908845901489258 -40.82387272576693
14.934051513671875 -72.81399238491412
19.257537841796875 -63.574315516446276
13.258213996887207 -59.13868492046433
17.250049591064453 -57.14075368654823
15.463163375854492 -55.48865340790597
14.18173599243164 -57.74432635187528
13.363696098327637 -67.17578589644405
13.455360412597656 -71.58058506620988
12.76541805267334 -81.88414995710028
17.461650848388672 -53.2596245964952
11.872429847717285 -62.92152733361389
12.538298606872559 -71.75866984007764
12.829967498779297 -72.9504075038966
13.78278636932373 -64.0873402262319
14.146425247192383 -51.483580609115535
20.48627471923828 -45.528501257449044
15.506143569946289 -61.07497316479953
18.24509620666504 -44.049509854143636
12.25887680053711 -64.82240462927578
15.035087585449219 -60.465953421607395
13.220949172973633 -66.24368231152465
14.238783836364746 -62.217667364066756
27.186330795288086 -32.75165556036433
14.514771461486816 -84.86074414120306
13.699250221252441 -69.34268662545787
14.764643669128418 -67.80052648239817
15.939279556274414 -52.985454859211586
15.795190811157227 -76.39438749052388
15.904071807861328 -56.3342836889843
13.649205207824707 -63.580544871363635
14.252220153808594 -68.2056286942448
13.71187973022461 -73.05100504648203
17.367816925048828 -71.57429896397606
13.8436918258667 -67.01433076469914
25.62020492553711 -34.16906684438733
14.78536319732666 -71.70550051112522
14.232275009155273 -63.66139892825277
12.102867126464844 -65.12398616476077
12.471184730529785 -76.60816948483003
13.631629943847656 -67.06835038757728
16.29076385498047 -61.54061464945544
14.09992504119873 -77.29721316592918
17.2753849029541 -60.90789876524965
13.017729759216309 -79.95867930241056
16.602222442626953 -56.302313255783666
15.140777587890625 -65.07790469419996
12.695359230041504 -71.44592560906071
12.45450496673584 -63.94574717007474
11.410063743591309 -80.23592967114132
14.70740795135498 -62.71980242522463
16.092267990112305 -71.90035741899297
20.782609939575195 -28.717250034945927
11.4684419631958 -68.78596017547017
12.02331256866455 -82.9058897787555
12.320948600769043 -72.0729530641868
15.266937255859375 -48.34443752305046
13.054117202758789 -60.375593512105866
17.441635131835938 -67.36556459812016
15.313434600830078 -66.16685324478934
17.917646408081055 -78.85318943270084
12.994346618652344 -78.31173918759384
14.218240737915039 -88.365806682359
14.454062461853027 -71.61985343385092
18.857446670532227 -58.11999392461322
21.319814682006836 -20.976399730965557
13.127152442932129 -85.7333413674223
16.443939208984375 -82.52902631690857
13.021559715270996 -76.93972985468857
13.372111320495605 -73.46478372537214
14.955535888671875 -75.89872973091886
13.180765151977539 -67.38073111240601
14.089801788330078 -78.48998062318216
12.826333999633789 -69.067972436491
13.533888816833496 -91.31917155686989
13.352295875549316 -78.17802179650724
14.586130142211914 -72.12241422023612
14.501752853393555 -71.72111720598619
14.604572296142578 -58.868172066089045
20.310245513916016 -40.93447325201478
16.775699615478516 -66.64413949587697
13.9835844039917 -66.45527196090637
15.083059310913086 -76.21444959274663
16.53743553161621 -66.97499878135541
14.942447662353516 -77.5179576141535
15.489554405212402 -76.71850340671222
13.597850799560547 -60.65645542974992
15.469544410705566 -65.75337239270141
13.962491989135742 -82.10376654081796
14.043875694274902 -65.3210629201207
15.587843894958496 -50.35608297028659
14.996415138244629 -75.75187384211941
15.999402046203613 -80.41467464039077
18.982707977294922 -67.22711632212867
14.325912475585938 -61.37557764720439
12.585948944091797 -54.73652051062358
17.205738067626953 -48.313462365291635
16.61646270751953 -43.88274639225092
13.71546745300293 -65.32334825435802
15.540247917175293 -57.59217173248928
12.523231506347656 -67.10074424282166
13.848821640014648 -61.83145473786207
14.722376823425293 -56.584396553480616
14.531806945800781 -55.81763146515474
14.731165885925293 -60.28357396804039
14.749672889709473 -56.37138257206822
16.639514923095703 -59.21234523018113
15.444470405578613 -62.8128584600398
15.469046592712402 -63.90709628137225
14.289712905883789 -67.64650581781767
14.40241527557373 -61.50090011851007
14.485438346862793 -62.613052294435775
14.08383560180664 -65.5365390808454
13.001598358154297 -68.47198979220894
13.606927871704102 -65.0044522322335
15.383004188537598 -52.66772327012196
15.81410026550293 -68.61102094470738
22.297760009765625 -33.990149769499794
14.198149681091309 -59.50929455952951
16.845966339111328 -37.68313782769297
13.664388656616211 -74.92950944872541
19.224502563476562 -38.68972092917328
13.891200065612793 -67.43056696589008
14.884173393249512 -78.12830427723625
14.30971908569336 -71.31003662658793
13.929581642150879 -63.93116589657826
14.994593620300293 -55.8942413270451
13.754585266113281 -85.38207038534621
15.3548583984375 -76.59275671397185
15.876687049865723 -45.97473404996164
15.578531265258789 -71.79340277372634
12.23666763305664 -78.18302373811942
14.04944133758545 -69.01205440244618
13.339456558227539 -57.667905073302634
13.91479206085205 -58.56247835793082
12.40015697479248 -62.121621344087906
14.179915428161621 -78.49363516788935
11.894577026367188 -69.51302586315879
15.356779098510742 -67.29864255054173
13.968936920166016 -63.960384786238556
14.323565483093262 -58.23391462458706
14.35694694519043 -64.21035113671263
15.78079891204834 -63.140141255185206
13.381627082824707 -76.74340529079035
14.924236297607422 -73.32876131377466
16.048913955688477 -60.51317229337045
14.850098609924316 -73.51933072993799
14.583230018615723 -72.19511660719543
18.878751754760742 -48.76626228402911
16.764074325561523 -63.743307484912044
14.998126983642578 -75.26143991834527
16.393539428710938 -60.47494596305984
13.036623001098633 -61.41377799652615
14.715288162231445 -73.95373089583885
14.443331718444824 -70.5432215634608
12.08260440826416 -64.20564405472749
16.75739288330078 -63.72778490698662
12.957335472106934 -60.64476949438941
13.907915115356445 -78.16986160626575
12.229378700256348 -73.8615869128372
17.34330177307129 -49.40245074884014
14.25448989868164 -70.31157594271349
12.902057647705078 -64.65960834134512
15.074599266052246 -56.45644704988228
13.668540954589844 -76.01735890672991
15.337831497192383 -60.797986984664306
13.806431770324707 -64.09137478991421
15.097535133361816 -57.68308377307694
19.629745483398438 -59.601427442967186
22.40913963317871 -49.28047404573104
19.88679313659668 -38.19853541131548
15.284418106079102 -39.04532437681089
14.497864723205566 -63.86895017861559
12.576663970947266 -70.02929153654023
14.895809173583984 -83.02273117024521
15.26285171508789 -70.1905340737795
10.707990646362305 -73.73341232131064
12.176983833312988 -75.65845175422861
12.03328800201416 -65.79448514825835
14.819854736328125 -66.15621467499003
16.0699462890625 -61.11919079050801
15.752335548400879 -58.80035240057795
14.018978118896484 -69.19039826351332
16.818805694580078 -66.98596652662428
17.70719337463379 -52.665192581400504
14.350959777832031 -68.5636625962832
15.418387413024902 -61.960702581279385
16.300451278686523 -25.53597482294488
13.663995742797852 -64.18999504255953
12.935025215148926 -72.72667079761098
15.043874740600586 -73.27946321569758
12.20398998260498 -82.84571775597061
11.54644775390625 -71.13172314948179
12.77306079864502 -68.45801371213527
14.418172836303711 -59.241877530322284
12.94823169708252 -67.07213549797717
15.34492301940918 -78.69255127111585
13.002982139587402 -54.581175140465035
18.110769271850586 -56.31107308490054
12.314617156982422 -73.70918282720646
14.821714401245117 -62.99474218456634
12.008806228637695 -65.5312152109421
16.820417404174805 -41.285304357555916
13.524186134338379 -73.24856569111188
13.151609420776367 -71.12510471918672
17.886564254760742 -55.01404411597071
14.858964920043945 -56.83716303744023
11.395622253417969 -74.96552187904665
17.172765731811523 -69.72685428278342
12.251249313354492 -63.55768778088025
14.234491348266602 -55.679041799369514
11.990280151367188 -59.09433918299923
13.323869705200195 -62.238318158442205
15.060290336608887 -72.28162423418564
20.191024780273438 -37.77601007341521
12.398476600646973 -59.56566921311964
17.662748336791992 -64.77018787852143
15.619013786315918 -66.64676718773742
14.150591850280762 -70.44253311105187
12.968160629272461 -76.2491730988816
14.605539321899414 -56.0163124161708
10.867697715759277 -74.3604209954822
22.258031845092773 -47.781743553020256
14.33036994934082 -66.92176763167566
12.585653305053711 -78.15372990494207
14.496077537536621 -79.33573950507794
15.6812162399292 -68.76012423378174
14.495444297790527 -76.0341228218195
12.962434768676758 -60.805712441105186
15.5112943649292 -42.905561413443884
14.172481536865234 -80.60584697146399
15.637001991271973 -61.995929343592344
14.871423721313477 -49.87108813767315
12.103514671325684 -61.79429957862693
12.90467643737793 -77.01945073535683
14.421117782592773 -69.63331447235483
11.962860107421875 -69.6955424209291
14.500027656555176 -73.7005958809727
14.787792205810547 -86.05196968298435
14.440657615661621 -60.350809769235354
10.506728172302246 -73.99177368674872
13.847687721252441 -67.48836890331722
12.320794105529785 -63.474956879111446
18.71617889404297 -30.674366737446228
12.7434663772583 -71.10742394876311
26.66477394104004 -49.585929881010834
14.186712265014648 -53.33559452586171
14.712922096252441 -69.78225188324927
17.778398513793945 -77.36126897174458
11.499425888061523 -72.01468825166305
13.560051918029785 -55.76879150554443
14.54623794555664 -61.71965869065137
14.239250183105469 -60.43096564341621
13.332976341247559 -72.9662212075045
12.889612197875977 -71.93875403217095
14.12581729888916 -58.250400978759195
16.62076187133789 -54.091961989879636
12.336260795593262 -68.86904927727736
15.714289665222168 -62.162589162179245
12.13772964477539 -67.53623325732221
15.716161727905273 -64.58883518669481
12.086589813232422 -80.50967586199741
12.2564697265625 -75.99909241042215
16.549118041992188 -71.07447923530984
13.468155860900879 -65.48156885824676
13.374149322509766 -64.54306802767782
17.969491958618164 -44.76631811123432
22.40469741821289 -41.52390069676059
16.279720306396484 -86.13987720612671
13.608150482177734 -57.57184801979799
14.813948631286621 -58.12298922296563
16.37429428100586 -54.82303924238542
13.993124961853027 -87.75662710280459
15.81910514831543 -66.04500881969206
17.313798904418945 -74.13413169693081
16.611717224121094 -73.92613850890565
15.192691802978516 -65.08652677569665
16.414169311523438 -81.55598666758003
15.328004837036133 -56.06942097013395
16.057605743408203 -47.97102291570259
14.46894645690918 -64.52469097702155
15.49582290649414 -55.963759423423916
13.340702056884766 -70.98864608405496
15.006030082702637 -62.872493096891446
13.000886917114258 -59.26098510137007
17.122465133666992 -69.0685738013784
15.860636711120605 -57.49635205055344
14.591351509094238 -75.26684393117318
20.043075561523438 -50.255548629449635
14.615313529968262 -60.9096518833127
14.742337226867676 -69.06395037643509
13.162653923034668 -86.88921644531514
15.519302368164062 -48.958325455633876
16.9337100982666 -56.519000674791535
13.155415534973145 -63.02206570927714
15.879754066467285 -61.011567855054366
21.975006103515625 -40.11700925151547
15.61756420135498 -74.11619105566105
24.55049705505371 -44.31769554502916
15.061861038208008 -72.95439423315659
19.76141357421875 -30.33538886696857
15.273475646972656 -81.19642820683308
12.574106216430664 -74.42384911699557
13.993610382080078 -59.15666161379174
14.48577880859375 -83.09860302401474
12.712491989135742 -80.36645812651545
16.083219528198242 -50.74257059223714
15.183984756469727 -59.50514908922992
17.098371505737305 -37.99733866638762
12.648249626159668 -67.23833954480305
14.053027153015137 -58.84997594579298
17.927518844604492 -73.80938229674757
19.46903419494629 -49.858778841515345
13.095829010009766 -70.91798795447784
15.647150993347168 -55.33884256230182
13.243159294128418 -67.00303278380991
15.36238956451416 -58.47033791657445
17.082605361938477 -56.56171461840859
14.199377059936523 -58.58880644368813
14.417057037353516 -76.8243831160134
14.650057792663574 -78.36440767918282
17.40212059020996 -46.58732051328493
12.417470932006836 -61.45954682169906
14.249004364013672 -63.08870515408477
18.750696182250977 -60.97592729691996
15.148930549621582 -60.28475585328252
14.162638664245605 -72.27657393243723
18.682409286499023 -40.840915498044126
14.71628189086914 -57.23911895288661
12.971342086791992 -75.20533355808156
13.983931541442871 -68.67080232755927
12.212467193603516 -54.66761804466443
14.770851135253906 -61.594227227900944
12.066850662231445 -59.34447814805348
14.910996437072754 -72.99735369300343
13.600568771362305 -82.29272269469992
13.276066780090332 -63.02147342205334
14.31652545928955 -63.81099930455563
15.38248062133789 -69.54752608188494
16.141613006591797 -68.80761059487767
15.546062469482422 -92.81545645791617
14.715691566467285 -62.902319468919245
14.68105697631836 -72.65485531062062
13.114044189453125 -75.78598598766509
13.125575065612793 -56.41277910273285
17.345176696777344 -56.097116282091484
14.046361923217773 -70.12129643243802
13.20198917388916 -74.9955310992519
14.582763671875 -62.17526133857214
15.061562538146973 -77.0452151068162
14.709070205688477 -75.79372674548179
15.223054885864258 -55.63989624071072
15.335672378540039 -75.12435386580667
14.1970853805542 -51.1289503265348
14.878486633300781 -55.32473652870414
13.340567588806152 -72.60210832214192
32.82160186767578 -32.12617186752509
15.960646629333496 -67.50571687442397
17.24437141418457 -61.11412416865461
15.260157585144043 -72.90004526803402
16.46433448791504 -75.98751775867731
32.68268966674805 -31.51795320266367
11.37658977508545 -90.26633022614973
12.437747955322266 -65.22098615309595
15.101877212524414 -43.71026304583637
17.023971557617188 -64.7004948064201
12.350910186767578 -68.03136427026675
14.056244850158691 -72.55670875723935
15.230807304382324 -75.65375293316663
12.926669120788574 -73.12351093091802
11.547425270080566 -70.96191204232207
13.115728378295898 -69.98695580183698
11.589606285095215 -63.64358433559195
14.312541007995605 -75.14958000976029
20.22062873840332 -45.790090397199464
12.802105903625488 -69.22734224237534
13.133846282958984 -84.94531156465227
13.794092178344727 -55.41266053190894
15.14039421081543 -65.08738575658741
15.04539680480957 -62.445275344028566
14.325916290283203 -63.9488279632281
13.699690818786621 -80.9272631099665
15.252147674560547 -60.698248555234514
16.655790328979492 -37.977065492446854
28.192781448364258 -39.69030423567765
17.452499389648438 -56.480317719857005
11.834202766418457 -70.94026567403972
17.8870792388916 -40.13213214875419
19.67351531982422 -28.089669445184583
14.646449089050293 -63.629297347192264
40.69795608520508 -15.848657345199458
14.853313446044922 -52.969787819645155
12.870524406433105 -51.152480875434854
14.220470428466797 -81.88449694481353
15.756298065185547 -66.1995489707407
14.325424194335938 -70.80896449241285
15.32469654083252 -79.59632532956692
11.309511184692383 -61.729676640691636
16.19355010986328 -66.21804041405248
14.205301284790039 -73.74303455854304
15.502832412719727 -65.19558590262456
15.644400596618652 -63.30473262321625
14.950334548950195 -64.29108987560573
14.904143333435059 -77.71997391304505
15.62988567352295 -52.940173219501425
12.16858959197998 -74.22518481842737
17.533878326416016 -61.17307354723328
12.991044998168945 -67.78470093480385
16.967132568359375 -68.74216598995827
15.13010025024414 -81.89275618586602
12.961456298828125 -69.93886833496143
12.727201461791992 -70.03880526553462
15.290674209594727 -86.09678878834221
16.30453872680664 -66.2092284098459
14.07571792602539 -55.679176905397455
14.489953994750977 -57.57523486177372
12.589332580566406 -73.54798166463691
13.147199630737305 -58.48153120146996
15.8234224319458 -76.65466875030788
15.353334426879883 -56.360485661732234
12.537694931030273 -67.19712450914263
17.342666625976562 -55.571985334033286
14.347031593322754 -74.62813058330369
18.228464126586914 -64.07282905680407
17.161561965942383 -65.88142100435368
14.124404907226562 -80.38958989198841
15.29762077331543 -63.087840488800516
12.893414497375488 -69.3706019975859
15.600785255432129 -48.47028519823489
16.638521194458008 -34.883598682429415
13.5247163772583 -72.95296728412762
9.994041442871094 -60.81503480389437
14.97828483581543 -58.49862975669838
15.030834197998047 -71.71970268859145
13.438694953918457 -87.51839570512331
13.27462100982666 -56.222030975273306
13.373124122619629 -84.32637269063999
13.909491539001465 -74.05258276286484
16.694629669189453 -74.80461946906709
17.0484561920166 -58.42977923818959
16.401081085205078 -67.92509497782146
16.72772789001465 -63.38367826593328
17.303512573242188 -56.492120207335674
15.265181541442871 -57.9405362339601
16.519378662109375 -57.95920875120547
14.697441101074219 -61.06925685717177
15.369466781616211 -71.01879832487762
14.080747604370117 -56.8235499510228
12.836930274963379 -59.2241190235948
21.31523323059082 -54.15816448589213
14.490065574645996 -94.39705251513381
13.151873588562012 -60.68334139888883
14.599756240844727 -46.78199150441569
17.714046478271484 -71.39403410765956
12.19819164276123 -65.98935034150995
16.620895385742188 -62.5359122565706
16.48283576965332 -66.88200228006703
10.186047554016113 -81.95670104565187
15.049055099487305 -47.6207727130613
15.020021438598633 -70.0871777368205
13.787038803100586 -70.38008347211039
13.327659606933594 -80.22757477921292
13.998146057128906 -80.91603336797621
13.942371368408203 -71.32795792542733
12.992003440856934 -76.48285812162035
13.89626407623291 -66.12743991090267
13.900737762451172 -85.90176752931576
16.790868759155273 -65.93460302469245
14.818401336669922 -74.29562086129118
16.71657371520996 -75.17837514446154
11.854388236999512 -59.87164645236112
15.462761878967285 -59.700583679554434
12.662515640258789 -73.88040460461536
15.2424898147583 -56.29251671627982
12.731605529785156 -80.65153366785998
17.939393997192383 -58.766724821868344
29.870223999023438 -19.381542527708895
12.976675033569336 -74.93916450236286
13.960355758666992 -73.54064713616194
17.106277465820312 -59.42912884333282
15.851572036743164 -64.0930875960334
14.722880363464355 -67.6622076768096
14.535743713378906 -38.34466370512217
17.63981056213379 -61.150213123484434
15.21958065032959 -63.12409187017369
17.627161026000977 -63.79201095799578
16.09825325012207 -49.353138547145655
14.152235984802246 -54.28451187320849
13.015945434570312 -59.3319049718099
14.732832908630371 -57.835874269807135
14.50178337097168 -80.04630234363836
14.545646667480469 -75.85943342243972
12.92314624786377 -73.86880755405635
13.378203392028809 -76.22832573405341
12.374811172485352 -82.19054468153992
15.497393608093262 -44.262874979079555
13.931296348571777 -75.44255634056952
15.712804794311523 -51.975528694842936
11.963458061218262 -71.95925028201337
13.212791442871094 -64.54818308691665
15.153071403503418 -73.59171390020708
20.724502563476562 -25.861242582608952
18.48107147216797 -39.53869960529518
17.567466735839844 -51.64596421911078
14.010552406311035 -52.84091444259713
15.118219375610352 -61.767654987169266
15.173030853271484 -62.85493129036909
20.517732620239258 -51.69709265504413
14.340486526489258 -79.28040112015307
11.350119590759277 -71.33262185605426
12.39477252960205 -88.57825908865804
17.492136001586914 -76.69876843134088
16.45578384399414 -70.02314584562727
16.10203742980957 -70.5415190093957
14.141955375671387 -73.77434656320813
13.603361129760742 -70.63442643829993
16.52437400817871 -38.881743043273694
13.14283275604248 -72.5458668685696
15.28342056274414 -50.29821190004939
14.300015449523926 -82.72534108578395
15.09898853302002 -64.39843783359736
17.592510223388672 -52.014729198184185
17.043790817260742 -44.037685797104956
12.402525901794434 -77.87455031597503
14.837843894958496 -64.63710701363331
11.541470527648926 -71.24109440691666
13.46978759765625 -76.672832139769
13.762046813964844 -57.54312252476778
26.00487518310547 -32.126365436540965
16.10617446899414 -49.63013978745557
12.358511924743652 -75.99799048921959
16.131145477294922 -65.71819710815201
16.531789779663086 -52.44543781258802
15.484563827514648 -67.08549159949078
22.17464256286621 -22.821952756792307
15.017057418823242 -55.45943136342364
16.166854858398438 -69.22446311554455
16.589033126831055 -76.31952111744903
12.979334831237793 -77.08612014336887
19.152427673339844 -38.47696930853492
14.517041206359863 -65.32823866793072
17.26517105102539 -63.581134120042485
14.292515754699707 -53.894578697879254
12.855542182922363 -72.00585163612186
14.003777503967285 -76.28654580520933
32.84494400024414 -24.604908517896526
10.828988075256348 -64.55149499270067
12.881757736206055 -66.81567460767846
16.110294342041016 -72.91534688492169
15.848787307739258 -55.08638205215886
20.399188995361328 -45.39017060352273
11.725080490112305 -65.94289630691375
13.24690055847168 -75.07737430834274
15.507454872131348 -64.91499235711488
15.070512771606445 -71.81532965222479
15.759902954101562 -59.83237786030967
12.525668144226074 -82.48693597869574
12.997329711914062 -79.36171527023095
16.332578659057617 -46.896092202630385
13.958341598510742 -63.05878712227818
12.966385841369629 -57.24984970769348
14.821359634399414 -68.05700086545494
15.016480445861816 -64.64888592289647
23.49047088623047 -50.771925639981006
13.294175148010254 -73.68282292643276
15.116344451904297 -30.924393513989646
12.951008796691895 -55.082315589339174
12.151548385620117 -73.54461691613184
13.2689208984375 -77.05826827672965
15.171812057495117 -63.55991708300346
20.662294387817383 -39.25193024884628
13.40786075592041 -70.58841667775025
14.774685859680176 -64.95418851022862
18.815128326416016 -52.593008133949574
15.348373413085938 -63.913238630959725
17.746061325073242 -48.221543935614946
14.688653945922852 -43.053153460569725
15.431862831115723 -68.83061829741513
14.554220199584961 -59.31000624435199
12.835728645324707 -66.3076357505523
16.892240524291992 -65.04058419086047
14.54820442199707 -68.86376124170889
18.750804901123047 -37.99390174406335
15.093917846679688 -62.22812099519986
17.68636703491211 -36.853387272236674
14.568079948425293 -70.81290194271367
14.4103422164917 -70.82215239757507
14.257133483886719 -35.826570403653456
14.830002784729004 -67.03838958376642
17.443021774291992 -73.20896587472927
12.590604782104492 -70.52262146724172
16.213685989379883 -61.11437178744522
13.898933410644531 -57.88966297636912
15.007035255432129 -75.01613812581843
13.952303886413574 -59.78715417838533
20.878454208374023 -48.01311963982211
13.999082565307617 -61.694217782056334
13.788496971130371 -71.77162524245054
14.044045448303223 -68.49193727680196
13.40626049041748 -55.46126211450694
13.19406509399414 -78.10706442878902
14.960745811462402 -67.89452985811165
13.875628471374512 -71.12034446767338
15.56397819519043 -81.80312796138665
13.593750953674316 -74.17620691491695
12.822881698608398 -70.1093025160855
15.526444435119629 -65.54146870955537
13.365918159484863 -91.21062680586947
14.168074607849121 -85.88381483026782
14.211546897888184 -84.43791729877277
13.174074172973633 -74.00506739857138
15.464893341064453 -60.05995255827204
20.9843807220459 -31.552125648342958
14.37580680847168 -64.8399923035456
16.911157608032227 -82.48939408132941
12.700824737548828 -84.2050190454531
14.259900093078613 -67.84524924401013
16.094478607177734 -67.87120597872837
15.321464538574219 -53.77012299535066
13.038542747497559 -70.32958240211671
13.98382568359375 -72.82358960681302
15.860292434692383 -60.66527469477897
14.646332740783691 -70.61504906684517
15.357063293457031 -55.591591065229586
14.328943252563477 -68.72195532313032
13.959139823913574 -69.30002344780371
13.374924659729004 -72.76097055637
13.773649215698242 -66.06216380195306
15.44237232208252 -55.359174324171875
12.343931198120117 -64.71515911328828
15.692108154296875 -56.034828709898285
14.783719062805176 -63.39356488512903
12.376447677612305 -82.4596244697011
13.391931533813477 -82.7535914095547
14.939838409423828 -70.09812359167124
11.178000450134277 -76.05276017017334
13.580765724182129 -70.59734845665264
11.722667694091797 -70.15733537195773
14.458097457885742 -58.86749546343366
14.90937614440918 -67.37766747877342
16.72487449645996 -53.60832826388168
20.70826530456543 -28.52341854571997
15.670384407043457 -78.22659597717401
14.430461883544922 -67.56906001040176
14.759678840637207 -62.04291037129545
17.27901268005371 -60.53906899965213
12.709115982055664 -74.06041372590244
13.371085166931152 -60.03315228309702
12.519251823425293 -85.6692342975321
13.863870620727539 -65.18743603727006
13.797833442687988 -62.01730557454057
12.449678421020508 -72.62403455638301
15.998039245605469 -73.98808906144143
15.481245040893555 -72.4126552353393
16.303613662719727 -80.07629966662967
14.172794342041016 -70.56210294283146
13.914778709411621 -73.11201576321616
14.033401489257812 -60.17519253861593
15.038644790649414 -67.72995869627162
14.776628494262695 -67.9428747283817
14.747084617614746 -53.32435918630681
